6.328646641500651E+08
6.335748551935359E+08
6.342848585451294E+08
6.349946586743501E+08
6.357042443092887E+08
6.364135966370077E+08
6.371227198802119E+08
6.378316180026757E+08
6.385402964671794E+08
6.392487660819700E+08
6.399570410956367E+08
6.406651412302519E+08
6.413730895925379E+08
6.420808900087576E+08
6.427885431376666E+08
6.434960492749398E+08
6.442033954782275E+08
6.449105704980282E+08
6.456175500378356E+08
6.463243162645390E+08
6.470308625741154E+08
6.477371828591797E+08
6.484432673920891E+08
6.491491209338092E+08
6.498547466909330E+08
6.505601655050662E+08
6.512653936045012E+08
6.519704415628092E+08
6.526753269776056E+08
6.533800638560542E+08
6.540846554659929E+08
6.547890975641333E+08
6.554933720515724E+08
6.561974626051213E+08
6.569013616408637E+08
6.576050469996738E+08
6.583085062472236E+08
6.590117284092808E+08
6.597147130604736E+08
6.604174672997005E+08
6.611199972023189E+08
6.618223074298633E+08
6.625244223358855E+08
6.632263590474421E+08
6.639281348759010E+08
6.646297581512156E+08
6.653312257175931E+08
6.660325385218595E+08
6.667336872754886E+08
6.674346505161918E+08
6.681354097623594E+08
6.688359503304511E+08
6.695362604603218E+08
6.702363393966671E+08
6.709361738879762E+08
6.716357680666372E+08
6.723351341020736E+08
6.730342866149559E+08
6.737332408216492E+08
6.744320122836609E+08
6.751306126857870E+08
6.758290620273696E+08
6.765273599263178E+08
6.772254949602987E+08
6.779234567193375E+08
6.786212275255725E+08
6.793187959478035E+08
6.800161448417590E+08
6.807132556314540E+08
6.814101228007002E+08
6.821067503750080E+08
6.828031369039215E+08
6.834992938691628E+08
6.841952270778661E+08
6.848909582373400E+08
6.855865103970274E+08
6.862818944295034E+08
6.869771159175810E+08
6.876721798318566E+08
6.883670795613861E+08
6.890618071396624E+08
6.897563412549148E+08
6.904506587991385E+08
6.911447533235043E+08
6.918386117607518E+08
6.925322265733846E+08
6.932255926918250E+08
6.939187120519344E+08
6.946115977306901E+08
6.953042684328530E+08
6.959967308541348E+08
6.966890063192567E+08
6.973811093656634E+08
6.980730525421946E+08
6.987648384540145E+08
6.994564532086061E+08
7.001478833924567E+08
7.008391199874334E+08
7.015301434569535E+08
7.022209364077497E+08
7.029114862766045E+08
7.036017836418592E+08
7.042918368943926E+08
7.049816440539597E+08
7.056712105744257E+08
7.063605521016203E+08
7.070496887859825E+08
7.077386382353245E+08
7.084274164812065E+08
7.091160230160662E+08
7.098044660083752E+08
7.104927409768069E+08
7.111808307569730E+08
7.118687180941033E+08
7.125563830384560E+08
7.132438140823874E+08
7.139310048657761E+08
7.146179422850350E+08
7.153046211522723E+08
7.159910523860060E+08
7.166772431148832E+08
7.173632122828516E+08
7.180489696570112E+08
7.187345318129917E+08
7.194199196925642E+08
7.201051430879608E+08
7.207901960121008E+08
7.214750729335760E+08
7.221597570134510E+08
7.228442380988344E+08
7.235284997302579E+08
7.242125183535601E+08
7.248962863283123E+08
7.255797993929960E+08
7.262630575246550E+08
7.269460643872349E+08
7.276288250958176E+08
7.283113535735508E+08
7.289936774136567E+08
7.296758066709725E+08
7.303577558458320E+08
7.310395308416098E+08
7.317211339683865E+08
7.324025616929091E+08
7.330837968337901E+08
7.337648155328746E+08
7.344456079304650E+08
7.351261597463181E+08
7.358064596349663E+08
7.364865008157420E+08
7.371662758065666E+08
7.378457974461657E+08
7.385250772973233E+08
7.392041254043560E+08
7.398829572681278E+08
7.405615925479641E+08
7.412400454540004E+08
7.419183301626256E+08
7.425964354016875E+08
7.432743541616966E+08
7.439520771134517E+08
7.446295872635354E+08
7.453068666734380E+08
7.459838977403246E+08
7.466606678398588E+08
7.473371795519613E+08
7.480134306154523E+08
7.486894191928886E+08
7.493651597252960E+08
7.500406648430334E+08
7.507159583991458E+08
7.513910548984618E+08
7.520659624368478E+08
7.527406903606561E+08
7.534152441297622E+08
7.540896098815559E+08
7.547637753133020E+08
7.554377168686098E+08
7.561114220965686E+08
7.567848826217161E+08
7.574580816895275E+08
7.581310112091150E+08
7.588036735227047E+08
7.594760751541429E+08
7.601482295863340E+08
7.608201482105610E+08
7.614918420484712E+08
7.621633385771811E+08
7.628346488818760E+08
7.635057795161434E+08
7.641767258793104E+08
7.648474777586675E+08
7.655180248412374E+08
7.661883540308746E+08
7.668584387434660E+08
7.675282678684685E+08
7.681978322318342E+08
7.688671282834204E+08
7.695361582087468E+08
7.702049193033396E+08
7.708734242943717E+08
7.715416947710924E+08
7.722097465482423E+08
7.728775931335969E+08
7.735452483722945E+08
7.742127158461432E+08
7.748800038112156E+08
7.755470961559893E+08
7.762139744347193E+08
7.768806240203553E+08
7.775470308157278E+08
7.782131809824238E+08
7.788790645754435E+08
7.795446687719606E+08
7.802100004574064E+08
7.808750695232812E+08
7.815398814486969E+08
7.822044525438244E+08
7.828687969114624E+08
7.835329365434299E+08
7.841968876952529E+08
7.848606504233198E+08
7.855242183562444E+08
7.861875894374213E+08
7.868507456513616E+08
7.875136738711154E+08
7.881763506100818E+08
7.888387610981090E+08
7.895009028202293E+08
7.901627708668332E+08
7.908243605009768E+08
7.914856792292821E+08
7.921467371523974E+08
7.928075548821560E+08
7.934681516366103E+08
7.941285342756243E+08
7.947887206649252E+08
7.954487176455597E+08
7.961085238638829E+08
7.967681271902194E+08
7.974275085184830E+08
7.980866505598298E+08
7.987455468498782E+08
7.994041759754860E+08
8.000625280561430E+08
8.007205980726976E+08
8.013783885615686E+08
8.020359111421666E+08
8.026931726729906E+08
8.033501837927349E+08
8.040069684033014E+08
8.046635448381113E+08
8.053199230689880E+08
8.059761087318491E+08
8.066320913394955E+08
8.072878694570366E+08
8.079434280923103E+08
8.085987453568993E+08
8.092538031554816E+08
8.099085907535053E+08
8.105630993620771E+08
8.112173300701293E+08
8.118712742545280E+08
8.125249397391027E+08
8.131783448668228E+08
8.138315036356518E+08
8.144844337170157E+08
8.151371476663178E+08
8.157896573737739E+08
8.164419743205674E+08
8.170940936746393E+08
8.177459965879747E+08
8.183976728693532E+08
8.190491026995147E+08
8.197002761159219E+08
8.203511766025622E+08
8.210017895618563E+08
8.216521142410533E+08
8.223021580423132E+08
8.229519233239791E+08
8.236014231315346E+08
8.242506689162349E+08
8.248996818740268E+08
8.255484853209239E+08
8.261970825746816E+08
8.268454769806668E+08
8.274936663256040E+08
8.281416415174468E+08
8.287893879753147E+08
8.294368855716546E+08
8.300841116880380E+08
8.307310640848521E+08
8.313777312261862E+08
8.320241086676730E+08
8.326701959556184E+08
8.333159992668639E+08
8.339615363153999E+08
8.346068257576911E+08
8.352518765982193E+08
8.358967072699461E+08
8.365413319105635E+08
8.371857541580392E+08
8.378299723065141E+08
8.384739654134403E+08
8.391177211516211E+08
8.397612276731302E+08
8.404044672438512E+08
8.410474227779185E+08
8.416900874027721E+08
8.423324554142323E+08
8.429745384632702E+08
8.436163378228344E+08
8.442578621027091E+08
8.448991317503449E+08
8.455401659778347E+08
8.461809817425712E+08
8.468215883758224E+08
8.474619831589197E+08
8.481021665716603E+08
8.487421317592484E+08
8.493818551042725E+08
8.500213214587127E+08
8.506605111753169E+08
8.512994174283619E+08
8.519380343177669E+08
8.525763529313080E+08
8.532143724255244E+08
8.538521088122351E+08
8.544895722206243E+08
8.551267819068933E+08
8.557637500274059E+08
8.564004908510123E+08
8.570370233391587E+08
8.576733482006168E+08
8.583094557543911E+08
8.589453340939466E+08
8.595809673741559E+08
8.602163418694417E+08
8.608514439296814E+08
8.614862503225229E+08
8.621207596770965E+08
8.627549704592235E+08
8.633888865062324E+08
8.640225139688215E+08
8.646558623399806E+08
8.652889493853238E+08
8.659218016870766E+08
8.665544274780980E+08
8.671868353936377E+08
8.678190291932957E+08
8.684510031758521E+08
8.690827507196014E+08
8.697142490217462E+08
8.703454774826020E+08
8.709764258624988E+08
8.716070844131875E+08
8.722374418726350E+08
8.728674971139064E+08
8.734972462053301E+08
8.741267071987833E+08
8.747558936764418E+08
8.753848169792578E+08
8.760134941470892E+08
8.766419430127358E+08
8.772701745542086E+08
8.778981939996121E+08