4.382692942729203E+09
4.382785256680492E+09
4.382877534546921E+09
4.382969712861950E+09
4.383061781220822E+09
4.383153793091869E+09
4.383245810288917E+09
4.383337838798206E+09
4.383429822542339E+09
4.383521701613182E+09
4.383613474448753E+09
4.383705199476804E+09
4.383796934440567E+09
4.383888676475598E+09
4.383980365056168E+09
4.384071944866687E+09
4.384163423193392E+09
4.384254862377255E+09
4.384346315060069E+09
4.384437769552466E+09
4.384529161937946E+09
4.384620442479753E+09
4.384711627229362E+09
4.384802781393519E+09
4.384893951604020E+09
4.384985117526589E+09
4.385076212928199E+09
4.385167194473752E+09
4.385258086685818E+09
4.385348956507172E+09
4.385439843779228E+09
4.385530719911530E+09
4.385621517540203E+09
4.385712200494882E+09
4.385802801323005E+09
4.385893387508121E+09
4.385983991378995E+09
4.386074576556179E+09
4.386165075715680E+09
4.386255460500170E+09
4.386345770952939E+09
4.386436073961650E+09
4.386526393805337E+09
4.386616686939317E+09
4.386706887204716E+09
4.386796974507690E+09
4.386886995671298E+09
4.386977015820382E+09
4.387067050787544E+09
4.387157050656730E+09
4.387246951611272E+09
4.387336742183856E+09
4.387426475165164E+09
4.387516212768150E+09
4.387605962056967E+09
4.387695667576900E+09
4.387785268953758E+09
4.387874763557282E+09
4.387964209266868E+09
4.388053664351106E+09
4.388143127002268E+09
4.388232537181784E+09
4.388321838979130E+09
4.388411038617079E+09
4.388500198018986E+09
4.388589370485630E+09
4.388678545385361E+09
4.388767659165742E+09
4.388856661384870E+09
4.388945567044939E+09
4.389034441039647E+09
4.389123330753411E+09
4.389212216877590E+09
4.389301033420659E+09
4.389389736257593E+09
4.389478348914799E+09
4.389566938165490E+09
4.389655544695528E+09
4.389744140883845E+09
4.389832659456921E+09
4.389921063347618E+09
4.390009384158864E+09
4.390097689349064E+09
4.390186012188092E+09
4.390274317221867E+09
4.390362537082431E+09
4.390450642441075E+09
4.390538672461490E+09
4.390626694134487E+09
4.390714732728839E+09
4.390802745534103E+09
4.390890666211944E+09
4.390978473652804E+09
4.391066213906344E+09
4.391153952361515E+09
4.391241705882408E+09
4.391329425276645E+09
4.391417046398207E+09
4.391504556718115E+09
4.391592008344990E+09
4.391679463891221E+09
4.391766931492647E+09
4.391854356321961E+09
4.391941677556171E+09
4.392028891503970E+09
4.392116055464324E+09
4.392203228208749E+09
4.392290408995546E+09
4.392377538292640E+09
4.392464559614215E+09
4.392551478132428E+09
4.392638355331914E+09
4.392725245144816E+09
4.392812137997504E+09
4.392898970727066E+09
4.392985692186120E+09
4.393072316317777E+09
4.393158907697150E+09
4.393245514455210E+09
4.393332118319406E+09
4.393418653567320E+09
4.393505075285169E+09
4.393591405981402E+09
4.393677712239012E+09
4.393764035586501E+09
4.393850349376297E+09
4.393936586440750E+09
4.394022708832190E+09
4.394108747205792E+09
4.394194768984495E+09
4.394280808373819E+09
4.394366830842555E+09
4.394452768983372E+09
4.394538592498860E+09
4.394624339670174E+09
4.394710077581770E+09
4.394795832486347E+09
4.394881562521718E+09
4.394967201189076E+09
4.395052726373928E+09
4.395138183337759E+09
4.395223637705010E+09
4.395309107357272E+09
4.395394543838427E+09
4.395479882696402E+09
4.395565110355317E+09
4.395650278231571E+09
4.395735449319883E+09
4.395820632819792E+09
4.395905774552107E+09
4.395990813257493E+09
4.396075744169686E+09
4.396160623987348E+09
4.396245511976999E+09
4.396330408467063E+09
4.396415254460366E+09
4.396499992917439E+09
4.396584627949990E+09
4.396669220574364E+09
4.396753825348789E+09
4.396838433758652E+09
4.396922983032694E+09
4.397007421332529E+09
4.397091761548614E+09
4.397176067922490E+09
4.397260389330622E+09
4.397344708548098E+09
4.397428960126179E+09
4.397513098356651E+09
4.397597144730684E+09
4.397681165628018E+09
4.397765203398855E+09
4.397849232379402E+09
4.397933185536934E+09
4.398017024055194E+09
4.398100777637476E+09
4.398184513659036E+09
4.398268267239820E+09
4.398352004760413E+09
4.398435658797053E+09
4.398519198104939E+09
4.398602660065036E+09
4.398686111841706E+09
4.398769580675697E+09
4.398853025563492E+09
4.398936379861048E+09
4.399019620459560E+09
4.399102791807836E+09
4.399185959730403E+09
4.399269143127825E+09
4.399352294310739E+09
4.399435348534737E+09
4.399518291185043E+09
4.399601172976417E+09
4.399684057266161E+09
4.399766954311749E+09
4.399849810597164E+09
4.399932564432570E+09
4.400015209967417E+09
4.400097803290034E+09
4.400180404165039E+09
4.400263013993707E+09
4.400345574329926E+09
4.400428027591687E+09
4.400510376825108E+09
4.400592682559360E+09
4.400674999962517E+09
4.400757321575979E+09
4.400839585031808E+09
4.400921737819191E+09
4.401003791790174E+09
4.401085810840611E+09
4.401167844576786E+09
4.401249876816381E+09
4.401331842392626E+09
4.401413694816929E+09
4.401495454558144E+09
4.401577187772293E+09
4.401658937620435E+09
4.401740679436225E+09
4.401822346348847E+09
4.401903898688388E+09
4.401985365196855E+09
4.402066813169292E+09
4.402148278617143E+09
4.402229728851929E+09
4.402311096453408E+09
4.402392349235765E+09
4.402473523676566E+09
4.402554687008818E+09
4.402635867453495E+09
4.402717024880069E+09
4.402798092514783E+09
4.402879046244687E+09
4.402959929681026E+09
4.403040808847213E+09
4.403121703663208E+09
4.403202567217506E+09
4.403283334496329E+09
4.403363989854888E+09
4.403444583287898E+09
4.403525178497922E+09
4.403605786796220E+09
4.403686355331511E+09
4.403766821985536E+09
4.403847179844583E+09
4.403927484385644E+09
4.404007795851693E+09
4.404088116717505E+09
4.404168389105936E+09
4.404248554897898E+09
4.404328616069509E+09
4.404408632651906E+09
4.404488660400290E+09
4.404568692899707E+09
4.404648668221354E+09
4.404728533212963E+09
4.404808298679073E+09
4.404888028152655E+09
4.404967771953751E+09
4.405047514934429E+09
4.405127192223210E+09
4.405206756571640E+09
4.405286227418780E+09
4.405365670672035E+09
4.405445130305803E+09
4.405524582672457E+09
4.405603961073817E+09
4.405683224992274E+09
4.405762402193407E+09
4.405841559867475E+09
4.405920734905705E+09
4.405999895566884E+09
4.406078974454920E+09
4.406157938448313E+09
4.406236823119367E+09
4.406315695765962E+09
4.406394585573850E+09
4.406473453286444E+09
4.406552232006900E+09
4.406630896621716E+09
4.406709489897532E+09
4.406788078050651E+09
4.406866682018324E+09
4.406945255675691E+09
4.407023733758599E+09
4.407102099603909E+09
4.407180402467540E+09
4.407258706374801E+09
4.407337023673670E+09
4.407415302188041E+09
4.407493479400478E+09
4.407571547347634E+09
4.407649560882849E+09
4.407727580711224E+09
4.407805610376078E+09
4.407883592580145E+09
4.407961468680655E+09
4.408039239583035E+09
4.408116964792499E+09
4.408194700636220E+09
4.408272441762494E+09
4.408350126704334E+09
4.408427701681094E+09
4.408505176446486E+09
4.408582614148561E+09
4.408660065798953E+09
4.408737517287469E+09
4.408814904057508E+09
4.408892178105746E+09
4.408969357835955E+09
4.409046508911638E+09
4.409123676115359E+09
4.409200836816337E+09
4.409277924499294E+09
4.409354897806100E+09
4.409431783508689E+09
4.409508648677809E+09
4.409585531085813E+09
4.409662399941898E+09
4.409739187884366E+09
4.409815860886805E+09
4.409892453613898E+09
4.409969033399096E+09
4.410045630376628E+09
4.410122206170063E+09
4.410198693764954E+09
4.410275067060633E+09
4.410351367986670E+09
4.410427662933757E+09
4.410503973841026E+09
4.410580255396055E+09
4.410656442103447E+09
4.410732516274808E+09
4.410808526407386E+09
4.410884536830207E+09
4.410960560918848E+09
4.411036547191916E+09
4.411112432766398E+09
4.411188208633737E+09
4.411263928999491E+09
4.411339655020329E+09
4.411415391308684E+09
4.411491081150320E+09
4.411566665385462E+09
4.411642143849091E+09
4.411717575508707E+09
4.411793017255694E+09
4.411868464818796E+09
4.411943857207406E+09
4.412019140012461E+09
4.412094321933979E+09
4.412169465721940E+09
4.412244623059222E+09
4.412319780873029E+09
4.412394874935553E+09
4.412469856506826E+09
4.412544742961180E+09
4.412619599715183E+09
4.412694472342406E+09
4.412769339221165E+09
4.412844134028687E+09
4.412918814575929E+09
4.412993406636997E+09
4.413067977151385E+09
4.413142564757054E+09