-1.471923166635424E+08
-1.467017349489421E+08
-1.461679707383552E+08
-1.455912763164967E+08
-1.449719131357113E+08
-1.443101465135483E+08
-1.436062396192975E+08
-1.428604481059557E+08
-1.420730171490431E+08
-1.412441821775580E+08
-1.403741732509040E+08
-1.394632216408259E+08
-1.385115666220496E+08
-1.375194609414447E+08
-1.364871743719331E+08
-1.354149955318414E+08
-1.343032325066705E+08
-1.331522128266270E+08
-1.319622832080350E+08
-1.307338092913152E+08
-1.294671754622591E+08
-1.281627847417434E+08
-1.268210586697805E+08
-1.254424370872176E+08
-1.240273777259504E+08
-1.225763555459897E+08
-1.210898617898833E+08
-1.195684027438000E+08
-1.180124981852383E+08
-1.164226794559973E+08
-1.147994870398967E+08
-1.131434674855690E+08
-1.114551695585353E+08
-1.097351397081923E+08
-1.079839173299626E+08
-1.062020307957595E+08
-1.043899955272593E+08
-1.025483151267108E+08
-1.006774856553358E+08
-9.877800199164213E+07
-9.685036453188527E+07
-9.489508468862125E+07
-9.291268843186915E+07
-9.090371793204823E+07
-8.886873183306822E+07
-8.680830477917036E+07
-8.472302669433264E+07
-8.261350212246411E+07
-8.048034976388662E+07
-7.832420221301557E+07
-7.614570581085218E+07
-7.394552046711433E+07
-7.172431927919693E+07
-6.948278778165954E+07
-6.722162270113388E+07
-6.494153015829201E+07
-6.264322333053899E+07
-6.032741964289704E+07
-5.799483757833692E+07
-5.564619320505781E+07
-5.328219654439607E+07
-5.090354799450675E+07
-4.851093520031349E+07
-4.610503096847508E+07
-4.368649292598208E+07
-4.125596543440439E+07
-3.881408373189045E+07
-3.636147956733648E+07
-3.389878709873933E+07
-3.142664784614933E+07
-2.894571397743616E+07
-2.645664984201735E+07
-2.396013213466045E+07
-2.145684924844379E+07
-1.894750032527751E+07
-1.643279435656159E+07
-1.391344951759052E+07
-1.139019277669344E+07
-8.863759707950488E+06
-6.334894347360429E+06
-3.804348864816580E+06
-1.272882789505179E+06
1.258738453853254E+06
3.789745847380340E+06
6.319369908269517E+06
8.846844438739179E+06
1.137141053790667E+07
1.389232044970603E+07
1.640884085139381E+07
1.892025527028754E+07
2.142586539392691E+07
2.392499108719288E+07
2.641696898279729E+07
2.890114963570047E+07
3.137689346499115E+07
3.384356599848222E+07
3.630053315027156E+07
3.874715726405506E+07
4.118279441690009E+07
4.360679310815959E+07
4.601849412219167E+07
4.841723116531350E+07
5.080233185219423E+07
5.317311870160305E+07
5.552890993035056E+07
5.786901996446893E+07
6.019275970379237E+07
6.249943668285342E+07
6.478835537081064E+07
6.705881793495661E+07
6.931012582137844E+07
7.154158242915665E+07
7.375249692981043E+07
7.594218893394443E+07
7.810999335190853E+07
8.025526461136055E+07
8.237737949825563E+07
8.447573823478124E+07
8.654976381791344E+07
8.859889993425846E+07
9.062260787481210E+07
9.262036285184495E+07
9.459165006605090E+07
9.653596084552702E+07
9.845278917518516E+07
1.003416289110330E+08
1.022019718887139E+08
1.040333069901192E+08
1.058351200677076E+08
1.076068944983823E+08
1.093481120824229E+08
1.110582540197762E+08
1.127368017641592E+08
1.143832376488325E+08
1.159970452801505E+08
1.175777098022764E+08
1.191247182505417E+08
1.206375603252591E+08
1.221157299993507E+08
1.235587283509509E+08
1.249660677939541E+08
1.263372774234261E+08
1.276719086135738E+08
1.289695396058570E+08
1.302297779239276E+08
1.314522600929951E+08
1.326366489832775E+08
1.337826296777281E+08
1.348899048637794E+08
1.359581904848750E+08
1.369872120222330E+08
1.379767015032505E+08
1.389263952044849E+08
1.398360319946486E+08
1.407053522803199E+08
1.415340975239717E+08
1.423220102813954E+08
1.430688346619951E+08
1.437743170730062E+08
1.444382070884575E+08
1.450602582960377E+08
1.456402290191122E+08
1.461778828807398E+08
1.466729892664782E+08
1.471253238507166E+08
1.475346694715631E+08
1.479008177475160E+08
1.482235718615835E+08
1.485027507864407E+08
1.487381947827081E+08
1.489297713050965E+08
1.490773798099980E+08
1.491809538836547E+08
1.492404598835357E+08
1.492558925528458E+08
1.492272690412281E+08
1.491546229227134E+08
1.490379992776613E+08
1.488774511978649E+08
1.486730375702934E+08
1.484248217932684E+08
1.481328710924023E+08
1.477972562091022E+08
1.474180513453252E+08
1.469953343231192E+08
1.465291869470561E+08
1.460196955511449E+08
1.454669516876661E+08
1.448710528939336E+08
1.442321034705652E+08
1.435502152305551E+08
1.428255082344636E+08
1.420581116105300E+08
1.412481646612734E+08
1.403958185594942E+08
1.395012389885504E+08
1.385646099954484E+08
1.375861389892355E+08
1.365660621927040E+08
1.355046491417457E+08
1.344022045230960E+08
1.332590662380377E+08
1.320755999738473E+08
1.308521919093059E+08
1.295892415988798E+08
1.282871564797672E+08
1.269463484494891E+08
1.255672322058662E+08
1.241502247425211E+08
1.226957454336143E+08
1.212042163241087E+08
1.196760624324616E+08
1.181117120153001E+08
1.165115968281121E+08
1.148761524497204E+08
1.132058187337775E+08
1.115010404230341E+08
1.097622679291807E+08
1.079899582605344E+08
1.061845760857487E+08
1.043465949599241E+08
1.024764988046279E+08
1.005747838060516E+08
9.864196093762356E+07
9.667855926268342E+07
9.468512995139948E+07
9.266225050992449E+07
9.061052816437007E+07
8.853060099365655E+07
8.642313570549993E+07
8.428882203692518E+07
8.212836510848852E+07
7.994247777858537E+07
7.773187469761108E+07
7.549726874841431E+07
7.323936961153923E+07
7.095888372895168E+07
6.865651492747004E+07
6.633296517580552E+07
6.398893519666415E+07
6.162512485073744E+07
5.924223333711464E+07
5.684095932607367E+07
5.442200116833676E+07
5.198605731772660E+07
4.953382706823754E+07
4.706601165260842E+07
4.458331569489788E+07
4.208644897405211E+07
3.957612845162832E+07
3.705308054032348E+07
3.451804361451850E+07
3.197177074489638E+07
2.941503252668554E+07
2.684861964042993E+07
2.427334448438067E+07
2.169004101554097E+07
1.909956208159255E+07
1.650277416465626E+07
1.390055039141738E+07
1.129376335641812E+07
8.683279291119944E+06
6.069954427654030E+06
3.454633535495603E+06
8.381500242423416E+05
-1.778673149249127E+06
-4.395022387427888E+06
-7.010092543311029E+06
-9.623086342348227E+06
-1.223321411857090E+07
-1.483969374370383E+07
-1.744175056409674E+07
-2.003861712986007E+07
-2.262953250736836E+07
-2.521374101929334E+07
-2.779049035695899E+07
-3.035902914033255E+07
-3.291860412390370E+07
-3.546845732119033E+07
-3.800782332822617E+07
-4.053592708701363E+07
-4.305198229175907E+07
-4.555519064651715E+07
-4.804474223218224E+07
-5.051981727061585E+07
-5.297958947977727E+07
-5.542323092186581E+07
-5.784991780679820E+07
-6.025883633041183E+07
-6.264918754604622E+07
-6.502019057733002E+07
-6.737108401983209E+07
-6.970112586926231E+07
-7.200959256127746E+07
-7.429577769916609E+07
-7.655899088451713E+07
-7.879855686663876E+07
-8.101381505468807E+07
-8.320411930839545E+07
-8.536883782994285E+07
-8.750735291089515E+07
-8.961906024805364E+07
-9.170336755356093E+07
-9.375969228085318E+07
-9.578745848787108E+07
-9.778609313251884E+07
-9.975502234909903E+07
-1.016936683665034E+08
-1.036014476296108E+08
-1.054777704183368E+08
-1.073220419574191E+08
-1.091336648014881E+08
-1.109120422032997E+08
-1.126565821750972E+08
-1.143667019503437E+08
-1.160418325013352E+08
-1.176814226948486E+08
-1.192849426497916E+08
-1.208518859625662E+08
-1.223817706834194E+08
-1.238741391821284E+08
-1.253285572335106E+08
-1.267446127231514E+08
-1.281219143268150E+08
-1.294600904004730E+08
-1.307587881823300E+08
-1.320176732835274E+08
-1.332364293375341E+08
-1.344147575854249E+08
-1.355523760963227E+08
-1.366490182802236E+08
-1.377044303934847E+08
-1.387183679290988E+08
-1.396905911526022E+08
-1.406208605071319E+08
-1.415089329443460E+08
-1.423545601863796E+08
-1.431574894196703E+08
-1.439174662012784E+08
-1.446342388062518E+08
-1.453075630931635E+08
-1.459372071608511E+08
-1.465229553932962E+08
-1.470646117503114E+08
-1.475620022898082E+08
-1.480149769337811E+08
-1.484234104829820E+08
-1.487872028988140E+08
-1.491062789223230E+08
-1.493805871713874E+08
-1.496100989145335E+08
-1.497948067363665E+08
-1.499347232783125E+08
-1.500298801698535E+08
-1.500803271768869E+08
-1.500861314983833E+08
-1.500473770460829E+08
-1.499641634489915E+08
-1.498366044509008E+08
-1.496648253585255E+08
-1.494489593273409E+08
-1.491891426221113E+08
-1.488855095515283E+08
-1.485381883381740E+08
-1.481472993411535E+08
-1.477129564888797E+08