2.395195716207961E+09
2.394844929367042E+09
2.394494065743124E+09
2.394143131156878E+09
2.393792099615771E+09
2.393440988795017E+09
2.393089788101190E+09
2.392738489655547E+09
2.392387091492852E+09
2.392035582347496E+09
2.391683994412570E+09
2.391332318680274E+09
2.390980547753219E+09
2.390628692550226E+09
2.390276741576088E+09
2.389924708274673E+09
2.389572572347305E+09
2.389220333092824E+09
2.388868017074137E+09
2.388515613550057E+09
2.388163131985026E+09
2.387810558767282E+09
2.387457893836169E+09
2.387105148273046E+09
2.386752289569607E+09
2.386399326306828E+09
2.386046264363723E+09
2.385693111825325E+09
2.385339883310259E+09
2.384986558330802E+09
2.384633158450498E+09
2.384279682233393E+09
2.383926110074550E+09
2.383572444296439E+09
2.383218669534473E+09
2.382864809023963E+09
2.382510860322282E+09
2.382156809757605E+09
2.381802678435749E+09
2.381448456496067E+09
2.381094150361745E+09
2.380739745548829E+09
2.380385230968000E+09
2.380030636646751E+09
2.379675950971635E+09
2.379321179715245E+09
2.378966325732618E+09
2.378611386306428E+09
2.378256376093467E+09
2.377901261120489E+09
2.377546040395529E+09
2.377190723486084E+09
2.376835303725301E+09
2.376479797212338E+09
2.376124190554000E+09
2.375768503985146E+09
2.375412749341847E+09
2.375056902092315E+09
2.374700967839425E+09
2.374344932918025E+09
2.373988808280262E+09
2.373632596218917E+09
2.373276276185177E+09
2.372919874835057E+09
2.372563389276717E+09
2.372206817142147E+09
2.371850152657036E+09
2.371493378298405E+09
2.371136520317811E+09
2.370779566629658E+09
2.370422514707354E+09
2.370065381873503E+09
2.369708165164552E+09
2.369350882276230E+09
2.368993508161480E+09
2.368636033499663E+09
2.368278471722199E+09
2.367920803990534E+09
2.367563039374273E+09
2.367205170033383E+09
2.366847209874121E+09
2.366489182088804E+09
2.366131061961826E+09
2.365772857490685E+09
2.365414564465436E+09
2.365056180913309E+09
2.364697711216076E+09
2.364339131185562E+09
2.363980466459397E+09
2.363621722307545E+09
2.363262888301187E+09
2.362903969153177E+09
2.362544946605140E+09
2.362185838374991E+09
2.361826634353541E+09
2.361467319965649E+09
2.361107919421117E+09
2.360748431314724E+09
2.360388872733238E+09
2.360029232900009E+09
2.359669499144710E+09
2.359309691277963E+09
2.358949784725911E+09
2.358589776059254E+09
2.358229662995308E+09
2.357869449222437E+09
2.357509161122563E+09
2.357148777338788E+09
2.356788306565252E+09
2.356427757834625E+09
2.356067119119171E+09
2.355706395947825E+09
2.355345564938137E+09
2.354984643698917E+09
2.354623645385689E+09
2.354262553443595E+09
2.353901380176299E+09
2.353540113651702E+09
2.353178763159884E+09
2.352817322789827E+09
2.352455765731474E+09
2.352094115842913E+09
2.351732373407754E+09
2.351370547218785E+09
2.351008640870223E+09
2.350646644119120E+09
2.350284582717367E+09
2.349922435053277E+09
2.349560186717362E+09
2.349197841646177E+09
2.348835391975840E+09
2.348472859096863E+09
2.348110227076729E+09
2.347747500555131E+09
2.347384701247191E+09
2.347021813343760E+09
2.346658841621161E+09
2.346295767836925E+09
2.345932598802960E+09
2.345569353189120E+09
2.345206009089030E+09
2.344842581344091E+09
2.344479070681775E+09
2.344115479076527E+09
2.343751806474867E+09
2.343388020618996E+09
2.343024139695678E+09
2.342660164362235E+09
2.342296089222908E+09
2.341931927696821E+09
2.341567673404358E+09
2.341203353911210E+09
2.340838959140253E+09
2.340474468478439E+09
2.340109892386261E+09
2.339745216500952E+09
2.339380451729804E+09
2.339015586850771E+09
2.338650618589045E+09
2.338285577830344E+09
2.337920449640569E+09
2.337555235127999E+09
2.337189926674041E+09
2.336824521316052E+09
2.336459037852757E+09
2.336093451355732E+09
2.335727773936464E+09
2.335362019708056E+09
2.334996184517984E+09
2.334630275786802E+09
2.334264265248431E+09
2.333898162806145E+09
2.333531971027652E+09
2.333165669496702E+09
2.332799272621697E+09
2.332432777056969E+09
2.332066206398459E+09
2.331699564234872E+09
2.331332828075794E+09
2.330966016074960E+09
2.330599116018392E+09
2.330232125352428E+09
2.329865037491456E+09
2.329497841578831E+09
2.329130570083047E+09
2.328763211188113E+09
2.328395760978990E+09
2.328028225573061E+09
2.327660595106863E+09
2.327292884528672E+09
2.326925070120518E+09
2.326557155133039E+09
2.326189163132518E+09
2.325821086146086E+09
2.325452936529423E+09
2.325084697305806E+09
2.324716372436744E+09
2.324347970059835E+09
2.323979458092494E+09
2.323610844830959E+09
2.323242130317050E+09
2.322873326826629E+09
2.322504446647582E+09
2.322135469529199E+09
2.321766419754965E+09
2.321397293820740E+09
2.321028077711415E+09
2.320658771100302E+09
2.320289358100085E+09
2.319919864660719E+09
2.319550284286066E+09
2.319180606642488E+09
2.318810849588789E+09
2.318441002363137E+09
2.318071074515721E+09
2.317701046945092E+09
2.317330911076517E+09
2.316960694846137E+09
2.316590387149461E+09
2.316219998166036E+09
2.315849526658394E+09
2.315478974448602E+09
2.315108356542154E+09
2.314737637830548E+09
2.314366819113042E+09
2.313995904236017E+09
2.313624889258467E+09
2.313253788371606E+09
2.312882585332209E+09
2.312511304000833E+09
2.312139953185721E+09
2.311768512782784E+09
2.311396988397484E+09
2.311025364271805E+09
2.310653655889555E+09
2.310281862247139E+09
2.309909965166156E+09
2.309537990046367E+09
2.309165931548460E+09
2.308793791968070E+09
2.308421560547310E+09
2.308049220269477E+09
2.307676797250534E+09
2.307304277068560E+09
2.306931661177974E+09
2.306558962917115E+09
2.306186182746082E+09
2.305813341184721E+09
2.305440411108496E+09
2.305067387279805E+09
2.304694278988277E+09
2.304321068526152E+09
2.303947765148065E+09
2.303574355818822E+09
2.303200857399089E+09
2.302827290097044E+09
2.302453631351187E+09
2.302079890669752E+09
2.301706060158411E+09
2.301332143498876E+09
2.300958143140770E+09
2.300584035211447E+09
2.300209846874288E+09
2.299835580473195E+09
2.299461230425536E+09
2.299086797784847E+09
2.298712263409897E+09
2.298337646851027E+09
2.297962933454721E+09
2.297588111664151E+09
2.297213202261705E+09
2.296838204117445E+09
2.296463138747545E+09
2.296087992813169E+09
2.295712758099421E+09
2.295337452899930E+09
2.294962053112244E+09
2.294586557996696E+09
2.294210958926455E+09
2.293835261889562E+09
2.293459491662175E+09
2.293083625661067E+09
2.292707674848464E+09
2.292331644019126E+09
2.291955525932094E+09
2.291579325464572E+09
2.291203017579802E+09
2.290826623611558E+09
2.290450153505525E+09
2.290073594934306E+09
2.289696959366786E+09
2.289320232518814E+09
2.288943427311291E+09
2.288566533481122E+09
2.288189525759086E+09
2.287812425392835E+09
2.287435229929381E+09
2.287057953112223E+09
2.286680594902299E+09
2.286303147887233E+09
2.285925639489877E+09
2.285548047668740E+09
2.285170362380193E+09
2.284792582463185E+09
2.284414701786609E+09
2.284036741945948E+09
2.283658683179910E+09
2.283280533051455E+09
2.282902309003270E+09
2.282523997594353E+09
2.282145604818899E+09
2.281767108818426E+09
2.281388520361614E+09
2.281009855530832E+09
2.280631095274982E+09
2.280252255882917E+09
2.279873334591516E+09
2.279494338824600E+09
2.279115265907330E+09
2.278736083222570E+09
2.278356808618894E+09
2.277977438372367E+09
2.277597970912420E+09
2.277218415529735E+09
2.276838766150301E+09
2.276459053806591E+09
2.276079266421378E+09
2.275699388581758E+09
2.275319428194460E+09
2.274939371330733E+09
2.274559231655846E+09
2.274178993440767E+09
2.273798655978158E+09
2.273418246845265E+09
2.273037751306343E+09
2.272657173273022E+09
2.272276499678032E+09
2.271895730836931E+09
2.271514884453940E+09
2.271133935512626E+09
2.270752898864526E+09
2.270371785029882E+09
2.269990595494633E+09
2.269609337194075E+09
2.269227980427049E+09
2.268846537751760E+09
2.268465006935906E+09
2.268083370027253E+09
2.267701638544521E+09
2.267319806199040E+09
2.266937900284548E+09
2.266555921435229E+09
2.266173851272657E+09
2.265791707408831E+09
2.265409476800767E+09
2.265027162233759E+09
2.264644752844140E+09
2.264262239331260E+09
2.263879653578158E+09
2.263496982071035E+09
2.263114224294823E+09
2.262731380875255E+09
2.262348444105994E+09
2.261965429195151E+09
2.261582309289518E+09
2.261199091016792E+09