6.332873118527889E+08
6.335303511347735E+08
6.337794951032637E+08
6.341017838384494E+08
6.345511177799444E+08
6.351630418133851E+08
6.359515998322361E+08
6.369076750121577E+08
6.379988126904266E+08
6.391712248373868E+08
6.403551416074865E+08
6.414744337308623E+08
6.424600194406047E+08
6.432642205774926E+08
6.438714185798767E+08
6.443009705409720E+08
6.446016021235226E+08
6.448401004873575E+08
6.450885775155860E+08
6.454135374805286E+08
6.458679911656350E+08
6.464863742108978E+08
6.472814953022069E+08
6.482429515164105E+08
6.493370477396338E+08
6.505089512951803E+08
6.516882600092944E+08
6.527988601715863E+08
6.537724788745230E+08
6.545629667451922E+08
6.551566156623446E+08
6.555745971491057E+08
6.558669455826287E+08
6.561010639462401E+08
6.563490179062045E+08
6.566767523805802E+08
6.571363737445166E+08
6.577611989465349E+08
6.585627962533829E+08
6.595294761404879E+08
6.606263089937780E+08
6.617974349144549E+08
6.629718491655986E+08
6.640734948987200E+08
6.650349515140833E+08
6.658116289565408E+08
6.663917376689082E+08
6.667982444025769E+08
6.670824578321255E+08
6.673123582838885E+08
6.675599322705755E+08
6.678905424238896E+08
6.683553753591253E+08
6.689866214079551E+08
6.697946038940613E+08
6.707663470165009E+08
6.718656932568460E+08
6.730357721282760E+08
6.742050068606097E+08
6.752974383721901E+08
6.762465422218909E+08
6.770093183582249E+08
6.775759012091012E+08
6.779710331746987E+08
6.782472609945875E+08
6.784731045022064E+08
6.787204395289377E+08
6.790540238433733E+08
6.795241104231820E+08
6.801617537250860E+08
6.809760281228839E+08
6.819526712913042E+08
6.830543055030524E+08
6.842230676846414E+08
6.853868394617269E+08
6.864698015746067E+08
6.874063679451373E+08
6.881551588038172E+08
6.887082371371602E+08
6.890921000076915E+08
6.893604963297857E+08
6.895824465143886E+08
6.898296841804584E+08
6.901663399836659E+08
6.906417193323280E+08
6.912857332110479E+08
6.921062028228697E+08
6.930875802000659E+08
6.941912746946777E+08
6.953584493518391E+08
6.965164760147023E+08
6.975897170425217E+08
6.985135677609652E+08
6.992482958917663E+08
6.997878963216302E+08
7.001605987413232E+08
7.004213179519113E+08
7.006395378190538E+08
7.008868181626620E+08
7.012266410921726E+08
7.017073502348729E+08
7.023577050450376E+08
7.031842697626017E+08
7.041702115417644E+08
7.052757357206062E+08
7.064410502652773E+08
7.075930497461958E+08
7.086563204360609E+08
7.095672811645999E+08
7.102878750923421E+08
7.108140296494304E+08
7.111756839510845E+08
7.114288813747931E+08
7.116435312493339E+08
7.118909898998154E+08
7.122340695416559E+08
7.127201396096588E+08
7.133767998435487E+08
7.142093539747512E+08
7.151996854381869E+08
7.163068040398217E+08
7.174699831990117E+08
7.186156725676674E+08
7.196687255808724E+08
7.205666257451108E+08
7.212730172579861E+08
7.217857606831546E+08
7.221364803122205E+08
7.223823117413434E+08
7.225935520229760E+08
7.228413235252856E+08
7.231877480105407E+08
7.236792073348199E+08
7.243421344267933E+08
7.251805687064737E+08
7.261751116653231E+08
7.272835867983630E+08
7.284443532804821E+08
7.295834502732998E+08
7.306260412529995E+08
7.315107166258011E+08
7.322028458312680E+08
7.327022204225161E+08
7.330421245432236E+08
7.332807475967805E+08
7.334887377515674E+08
7.337369539797822E+08
7.340868078227874E+08
7.345836813975321E+08
7.352528332891514E+08
7.360970358689171E+08
7.370956103239944E+08
7.382052039354768E+08
7.393632824059085E+08
7.404955081708575E+08
7.415273981060406E+08
7.423986897694023E+08
7.430765020545609E+08
7.435625549406799E+08
7.438917661491162E+08
7.441233415962186E+08
7.443282426078643E+08
7.445770360892859E+08
7.449304033158749E+08
7.454327146203604E+08
7.461080471908213E+08
7.469579028962406E+08
7.479603253569685E+08
7.490707955193930E+08
7.502259084647992E+08
7.513509850976129E+08
7.523719394971788E+08
7.532296966472689E+08
7.538931457479975E+08
7.543659308786236E+08
7.546845759327456E+08
7.549092653901414E+08
7.551112375320418E+08
7.553607381736974E+08
7.557176995744575E+08
7.562254681586274E+08
7.569069332224349E+08
7.577623238351213E+08
7.587684084766703E+08
7.598795128980130E+08
7.610313830326070E+08
7.621490340065064E+08
7.631588203439628E+08
7.640028943227557E+08
7.646519371163571E+08
7.651115107137053E+08
7.654197176071302E+08
7.656376818421601E+08
7.658368824637318E+08
7.660872165998385E+08
7.664478485999228E+08
7.669610895482697E+08
7.676486335062160E+08
7.685094344294249E+08
7.695189886462183E+08
7.706304784610682E+08
7.717788248288053E+08
7.728887732921382E+08
7.738871630410461E+08
7.747174116649791E+08
7.753520111584795E+08
7.757984347034514E+08
7.760963338439671E+08
7.763077345586593E+08
7.765043201001954E+08
7.767556114966410E+08
7.771199870643778E+08
7.776387112849957E+08
7.783322773494498E+08
7.791983614895062E+08
7.802111913966354E+08
7.813228170145400E+08
7.824673583617315E+08
7.835693286707827E+08
7.845560958450303E+08
7.853723817324213E+08
7.859925069271773E+08
7.864258468509595E+08
7.867135722521005E+08
7.869185717539134E+08
7.871126979264235E+08
7.873650687587318E+08
7.877332588519770E+08
7.882574750446146E+08
7.889570028942071E+08
7.898282397173877E+08
7.908441480332304E+08
7.919556588085595E+08
7.930961155434105E+08
7.941898364942813E+08
7.951647622707791E+08
7.959669555738122E+08
7.965725831378291E+08
7.969929122849481E+08
7.972706023639454E+08
7.974693657648441E+08
7.976611885701072E+08
7.979147598717263E+08
7.982868331777852E+08
7.988165475368776E+08
7.995219751381471E+08
8.003982322899035E+08
8.014170203446317E+08
8.025281636044109E+08
8.036642552194211E+08
8.047494566195382E+08
8.057123253242848E+08
8.065003018062848E+08
8.070914133166262E+08
8.074988087739807E+08
8.077666041005961E+08
8.079592972148654E+08
8.081489728046577E+08
8.084038645191894E+08
8.087798877023523E+08
8.093151025688738E+08
8.100263629415191E+08
8.109075029595736E+08
8.119289678547049E+08
8.130394892372245E+08
8.141709356211226E+08
8.152473502729055E+08
8.161979510104998E+08
8.169715919757091E+08
8.175481753662555E+08
8.179427181437771E+08
8.182007607516626E+08
8.183875472214031E+08
8.185752269099759E+08
8.188315533426754E+08
8.192115871775407E+08
8.197523003141094E+08
8.204693219133068E+08
8.213552029017209E+08
8.223791365799873E+08
8.234887766341003E+08
8.246152944952927E+08
8.256826543662364E+08
8.266207787488731E+08
8.273799695346633E+08
8.279420164610821E+08
8.283237907616905E+08
8.285722242991549E+08
8.287532689762199E+08
8.289391042942144E+08
8.291969785120946E+08
8.295810813221662E+08
8.301272863064483E+08
8.308499936080244E+08
8.317404697909094E+08
8.327666619251680E+08
8.338751603028483E+08
8.349964670876184E+08
8.360545075804292E+08
8.369799524288359E+08
8.377245860680166E+08
8.382720957725788E+08
8.386411915081195E+08
8.388801623966386E+08
8.390556292865775E+08
8.392397692688428E+08
8.394993011538855E+08
8.398875284785929E+08
8.404392168812435E+08
8.411675322635162E+08
8.420624561921577E+08
8.430906948431885E+08
8.441977911639684E+08
8.453136060022027E+08
8.463620657309659E+08
8.472746329228256E+08
8.480046073061808E+08
8.485375847030288E+08
8.488940967330452E+08
8.491237557624649E+08
8.492938125324352E+08
8.494764077922418E+08
8.497377072500567E+08
8.501301123900057E+08
8.506872725953666E+08
8.514211146927063E+08
8.523203351918592E+08
8.533504055624580E+08
8.544558374015225E+08
8.555658801037608E+08
8.566045013601177E+08
8.575039994362297E+08
8.582192209523207E+08
8.587376776064911E+08
8.590817051444504E+08
8.593022041574333E+08
8.594670173046465E+08
8.596482165046000E+08
8.599113905915525E+08
8.603080243903186E+08
8.608706415235041E+08
8.616099257151341E+08
8.625132880497978E+08
8.635449723198012E+08
8.646484758041197E+08
8.657524656675091E+08
8.667809923886989E+08
8.676672326101193E+08
8.683676117142075E+08
8.688715639023266E+08
8.692032093471322E+08
8.694147015189183E+08
8.695744359478588E+08
8.697543839407343E+08
8.700195348393141E+08
8.704204422959080E+08
8.709884959694430E+08
8.717331316723704E+08
8.726404755497152E+08
8.736735506106801E+08
8.747748578523132E+08
8.758725131825396E+08
8.768906909776639E+08
8.777634896105050E+08
8.784489419771481E+08
8.789384100968744E+08