-1.420511174031879E-02
-1.420389076442244E-02
-1.420264738441354E-02
-1.420137897974766E-02
-1.420008285722090E-02
-1.419875625233772E-02
-1.419739633114036E-02
-1.419600019260173E-02
-1.419456487190109E-02
-1.419308734464447E-02
-1.419156453250044E-02
-1.418999331058075E-02
-1.418837051702281E-02
-1.418669296536059E-02
-1.418495746040292E-02
-1.418316081847233E-02
-1.418129989299530E-02
-1.417937160657389E-02
-1.417737299081103E-02
-1.417530123530632E-02
-1.417315374738598E-02
-1.417092822382681E-02
-1.416862273494201E-02
-1.416623582670389E-02
-1.416376662627991E-02
-1.416121497364390E-02
-1.415858155269481E-02
-1.415586802457143E-02
-1.415307715599287E-02
-1.415021292810623E-02
-1.414728060648359E-02
-1.414428675058207E-02
-1.414123914116120E-02
-1.413814660684294E-02
-1.413501873620044E-02
-1.413186546947206E-02
-1.412869657421778E-02
-1.412552106020595E-02
-1.412234656541185E-02
-1.411917877346617E-02
-1.411602097006965E-02
-1.411287373468664E-02
-1.410973485482322E-02
-1.410659945536764E-02
-1.410346031225599E-02
-1.410030830342388E-02
-1.409713294061740E-02
-1.409392292316281E-02
-1.409066665923457E-02
-1.408735271151535E-02
-1.408397014240963E-02
-1.408050875915428E-02
-1.407695929126559E-02
-1.407331345298504E-02
-1.406956396555832E-02
-1.406570452535917E-02
-1.406172974261976E-02
-1.405763506089872E-02
-1.405341666847026E-02
-1.404907140818682E-02
-1.404459669046658E-02
-1.403999041244223E-02
-1.403525088497795E-02
-1.403037676821859E-02
-1.402536701557743E-02
-1.402022082559751E-02
-1.401493760093633E-02
-1.400951691382368E-02
-1.400395847772916E-02
-1.399826212305813E-02
-1.399242777759087E-02
-1.398645545016428E-02
-1.398034521730182E-02
-1.397409721224779E-02
-1.396771161596561E-02
-1.396118864974069E-02
-1.395452856908163E-02
-1.394773165866125E-02
-1.394079822808147E-02
-1.393372860828402E-02
-1.392652314846141E-02
-1.391918221335016E-02
-1.391170618081100E-02
-1.390409543961786E-02
-1.389635038739021E-02
-1.388847142864333E-02
-1.388045897290274E-02
-1.387231343288643E-02
-1.386403522273115E-02
-1.385562475630106E-02
-1.384708244557770E-02
-1.383840869918733E-02
-1.382960392113441E-02
-1.382066850983040E-02
-1.381160285753665E-02
-1.380240735037711E-02
-1.379308236912273E-02
-1.378362829100313E-02
-1.377404549286375E-02
-1.376433435605700E-02
-1.375449527353523E-02
-1.374452865977216E-02
-1.373443496425239E-02
-1.372421468896226E-02
-1.371386841219563E-02
-1.370339681754387E-02
-1.369280073157110E-02
-1.368208117070574E-02
-1.367123939858431E-02
-1.366027699535091E-02
-1.364919594024603E-02
-1.363799870821173E-02
-1.362668838019599E-02
-1.361526876535833E-02
-1.360374453146002E-02
-1.359212133736732E-02
-1.358040595880312E-02
-1.356860639190233E-02
-1.355673191764984E-02
-1.354479310635210E-02
-1.353280174934161E-02
-1.352077066684021E-02
-1.350871341793885E-02
-1.349664388790269E-02
-1.348457576379397E-02
-1.347252193624738E-02
-1.346049388313503E-02
-1.344850109982026E-02
-1.343655064072056E-02
-1.342464682798177E-02
-1.341279116520575E-02
-1.340098246737483E-02
-1.338921718237599E-02
-1.337748983466883E-02
-1.336579356789542E-02
-1.335412069276696E-02
-1.334246319601108E-02
-1.333081318542742E-02
-1.331916323372476E-02
-1.330750662342649E-02
-1.329583750098954E-02
-1.328415095257054E-02
-1.327244301659348E-02
-1.326071064942471E-02
-1.324895166004368E-02
-1.323716462761222E-02
-1.322534881228985E-02
-1.321350406451962E-02
-1.320163073131628E-02
-1.318972957915095E-02
-1.317780171693659E-02
-1.316584853081398E-02
-1.315387162664231E-02
-1.314187278042866E-02
-1.312985389610522E-02
-1.311781696978163E-02
-1.310576405964806E-02
-1.309369726075776E-02
-1.308161868397604E-02
-1.306953043844573E-02
-1.305743461698703E-02
-1.304533328392273E-02
-1.303322846489751E-02
-1.302112213834284E-02
-1.300901622832675E-02
-1.299691259841150E-02
-1.298481304642621E-02
-1.297271929992168E-02
-1.296063301215702E-02
-1.294855575852914E-02
-1.293648903332295E-02
-1.292443424671685E-02
-1.291239272199017E-02
-1.290036569289201E-02
-1.288835430114344E-02
-1.287635959405877E-02
-1.286438252228506E-02
-1.285242393767310E-02
-1.284048459130783E-02
-1.282856513174090E-02
-1.281666610348339E-02
-1.280478794587121E-02
-1.279293099241656E-02
-1.278109547075586E-02
-1.276928150353937E-02
-1.275748911030405E-02
-1.274571821082921E-02
-1.273396863031333E-02
-1.272224010683900E-02
-1.271053230172342E-02
-1.269884481348435E-02
-1.268717719628610E-02
-1.267552898386661E-02
-1.266389972008544E-02
-1.265228899737312E-02
-1.264069650450511E-02
-1.262912208526818E-02
-1.261756580926759E-02
-1.260602805522747E-02
-1.259450961237935E-02
-1.258301178531835E-02
-1.257153652484585E-02
-1.256008655806609E-02
-1.254866552029545E-02
-1.253727808138774E-02
-1.252593005169749E-02
-1.251462844809260E-02
-1.250338149819084E-02
-1.249219856132937E-02
-1.248108994768398E-02
-1.247006662243445E-02
-1.245913978992459E-02
-1.244832036339032E-02
-1.243761837662968E-02
-1.242704237043387E-02
-1.241659881472660E-02
-1.240629167409520E-02
-1.239612211064240E-02
-1.238608841155563E-02
-1.237618613106438E-02
-1.236640841424504E-02
-1.235674645468273E-02
-1.234719002931362E-02
-1.233772805184622E-02
-1.232834909099824E-02
-1.231904181138597E-02
-1.230979531326554E-02
-1.230059937245066E-02
-1.229144461361854E-02
-1.228232256886556E-02
-1.227322569795192E-02
-1.226414735499061E-02
-1.225508172679382E-02
-1.224602375264615E-02
-1.223696903655699E-02
-1.222791375838547E-02
-1.221885458836278E-02
-1.220978860795072E-02
-1.220071323867099E-02
-1.219162617951749E-02
-1.218252535282349E-02
-1.217340885799739E-02
-1.216427493236412E-02
-1.215512191845515E-02
-1.214594823747740E-02
-1.213675236679237E-02
-1.212753282210663E-02
-1.211828814289869E-02
-1.210901688076645E-02
-1.209971759017563E-02
-1.209038882116105E-02
-1.208102911362520E-02
-1.207163699293044E-02
-1.206221096652754E-02
-1.205274952140520E-02
-1.204325112218210E-02
-1.203371420969491E-02
-1.202413719996282E-02
-1.201451848343135E-02
-1.200485642441558E-02
-1.199514936067521E-02
-1.198539560308834E-02
-1.197559343539441E-02
-1.196574111398177E-02
-1.195583686771949E-02
-1.194587889786369E-02
-1.193586537804047E-02
-1.192579445436252E-02
-1.191566424574913E-02
-1.190547284453902E-02
-1.189521831751515E-02
-1.188489870749802E-02
-1.187451203571043E-02
-1.186405630517158E-02
-1.185352950544184E-02
-1.184292961911198E-02
-1.183225463051085E-02
-1.182150253725746E-02
-1.181067136542379E-02
-1.179975918873169E-02
-1.178876415411670E-02
-1.177768451254074E-02
-1.176651865855998E-02
-1.175526517918588E-02
-1.174392291327794E-02
-1.173249102296455E-02
-1.172096907840273E-02
-1.170935715655943E-02
-1.169765595362575E-02
-1.168586690916099E-02
-1.167399233810630E-02
-1.166203556440744E-02
-1.165000104714272E-02
-1.163789448350602E-02
-1.162572287126071E-02
-1.161349451057484E-02
-1.160121893027009E-02
-1.158890669079678E-02
-1.157656908781566E-02
-1.156421773329803E-02
-1.155186402661667E-02
-1.153951855464405E-02
-1.152719047740194E-02
-1.151488696431750E-02
-1.150261274563499E-02
-1.149036983400994E-02
-1.147815745277356E-02
-1.146597217979945E-02
-1.145380827933211E-02
-1.144165815421008E-02
-1.142951289201291E-02
-1.141736281317368E-02
-1.140519797743688E-02
-1.139300862457928E-02
-1.138078551320514E-02
-1.136852016072657E-02
-1.135620499320641E-02
-1.134383341778780E-02
-1.133139983296164E-02
-1.131889959292987E-02
-1.130632894180901E-02
-1.129368493138575E-02
-1.128096533258250E-02
-1.126816854571806E-02
-1.125529350805511E-02
-1.124233961797636E-02
-1.122930665932729E-02
-1.121619473759673E-02
-1.120300422371090E-02
-1.118973570574885E-02
-1.117638994793172E-02
-1.116296785601577E-02
-1.114947044826620E-02
-1.113589883124195E-02
-1.112225417967873E-02
-1.110853771982104E-02
-1.109475071562202E-02
-1.108089445730363E-02
-1.106697025184818E-02
-1.105297941507659E-02
-1.103892326505767E-02
-1.102480311645571E-02
-1.101062027576906E-02
-1.099637603719156E-02
-1.098207167896113E-02
-1.096770846011177E-02
-1.095328761750665E-02
-1.093881036308211E-02
-1.092427788124511E-02
-1.090969132637955E-02
-1.089505182043052E-02
-1.088036045054991E-02
-1.086561826680165E-02
-1.085082627994050E-02
-1.083598545929438E-02
-1.082109673079719E-02
-1.080616097523640E-02
-1.079117902680520E-02
-1.077615167212516E-02
-1.076107964977960E-02
-1.074596365078655E-02
-1.073080431999024E-02
-1.071560225890887E-02
-1.070035803037507E-02
-1.068507216543707E-02
-1.066974517312191E-02