5.427193376018815E+00
5.928403046522202E+00
6.426762548045292E+00
6.922139982164280E+00
7.414457684446740E+00
7.903705379469395E+00
8.389941921963510E+00
8.873277711742439E+00
9.353837478536287E+00
9.831714774454406E+00
1.030693597814678E+01
1.077944635404439E+01
1.124911813303528E+01
1.171577107946633E+01
1.217919471862769E+01
1.263916559673647E+01
1.309545774961836E+01
1.354784745267374E+01
1.399611428560672E+01
1.444004043075814E+01
1.487940964189001E+01
1.531400680423413E+01
1.574361854804729E+01
1.616803498774408E+01
1.658705235932163E+01
1.700047617711974E+01
1.740812458040737E+01
1.780983179412104E+01
1.820545200445988E+01
1.859486427909017E+01
1.897797919906644E+01
1.935474731826261E+01
1.972516816577569E+01
2.008929632512195E+01
2.044723908730728E+01
2.079914034908886E+01
2.114514989820112E+01
2.148538522607851E+01
2.181989924856097E+01
2.214866581442242E+01
2.247158583835067E+01
2.278850734245122E+01
2.309924907825652E+01
2.340361994060960E+01
2.370143111480218E+01
2.399250147584396E+01
2.427665830003472E+01
2.455373548309984E+01
2.482357102907134E+01
2.508600507859715E+01
2.534087933614397E+01
2.558803839970067E+01
2.582733312188146E+01
2.605862572026484E+01
2.628179598277952E+01
2.649674771789188E+01
2.670341468121452E+01
2.690176552684825E+01
2.709180766078832E+01
2.727358989886912E+01
2.744720332643072E+01
2.761277880037590E+01
2.777047868657577E+01
2.792048070073582E+01
2.806295404773470E+01
2.819803214659371E+01
2.832578978559716E+01
2.844623244164068E+01
2.855930079984887E+01
2.866488710591151E+01
2.876285610969561E+01
2.885306375539141E+01
2.893536987735221E+01
2.900964439774569E+01
2.907576844856426E+01
2.913363242195875E+01
2.918313278430555E+01
2.922416911697938E+01
2.925664253424188E+01
2.928045639202672E+01
2.929551991445764E+01
2.930175487080293E+01
2.929910467123841E+01
2.928754436260849E+01
2.926708936686918E+01
2.923780082251865E+01
2.919978617721487E+01
2.915319486815449E+01
2.909820986544535E+01
2.903503610380988E+01
2.896388652170506E+01
2.888496617788905E+01
2.879845534133474E+01
2.870449361788576E+01
2.860316834711619E+01
2.849451050911130E+01
2.837849959208682E+01
2.825507596762897E+01
2.812415694343135E+01
2.798565210256312E+01
2.783947477072417E+01
2.768554843442614E+01
2.752380858877245E+01
2.735420136327189E+01
2.717668047815529E+01
2.699120396756940E+01
2.679773195290285E+01
2.659622666370026E+01
2.638665579972809E+01
2.616899996706303E+01
2.594326401824991E+01
2.570949058905564E+01
2.546777237324774E+01
2.521825873607571E+01
2.496115321118245E+01
2.469670132636998E+01
2.442517162131318E+01
2.414683464831889E+01
2.386194428400990E+01
2.357072365642822E+01
2.327335600544946E+01
2.296997986606931E+01
2.266068805445376E+01
2.234553034900583E+01
2.202451980919892E+01
2.169764214609657E+01
2.136486676243762E+01
2.102615756179986E+01
2.068148174013595E+01
2.033081545863184E+01
1.997414619548137E+01
1.961147232171622E+01
1.924280088036521E+01
1.886814471966089E+01
1.848752019052931E+01
1.810094668755448E+01
1.770844938652973E+01
1.731006641088666E+01
1.690586094353073E+01
1.649593706155257E+01
1.608045536118291E+01
1.565964195931000E+01
1.523378449464818E+01
1.480321292904009E+01
1.436826975207984E+01
1.392927910491045E+01
1.348652382308659E+01
1.304023439583915E+01
1.259058842220015E+01
1.213771642503466E+01
1.168171008833363E+01
1.122263060220396E+01
1.076051636655201E+01
1.029539014587091E+01
9.827265883069632E+00
9.356155088266986E+00
8.882072384166751E+00
8.405039663209642E+00
7.925088461689122E+00
7.442260497381226E+00
6.956606706888963E+00
6.468185453584105E+00
5.977060836034847E+00
5.483302245629050E+00
4.986986515590547E+00
4.488204061006515E+00
3.987069994312403E+00
3.483739765116596E+00
2.978426024485410E+00
2.471409824697201E+00
1.963037511873599E+00
1.453698190957277E+00
9.437858033942376E-01
4.336589578545558E-01
-7.638697645271372E-02
-5.861285889043785E-01
-1.095406895646226E+00
-1.604111685896436E+00
-2.112165218339155E+00
-2.619509294329498E+00
-3.126096548830681E+00
-3.631885055988142E+00
-4.136834877804476E+00
-4.640905438050929E+00
-5.144053121378327E+00
-5.646228993966163E+00
-6.147376863189003E+00
-6.647431977308857E+00
-7.146320528338407E+00
-7.643959833514872E+00
-8.140258721076943E+00
-8.635117303410683E+00
-9.128425036292247E+00
-9.620055823764368E+00
-1.010985915206760E+01
-1.059764724003259E+01
-1.108318044972384E+01
-1.156615660382625E+01
-1.204621265635124E+01
-1.252294576768181E+01
-1.299595267709770E+01
-1.346487481511795E+01
-1.392943123886113E+01
-1.438942806891272E+01
-1.484474621989732E+01
-1.529531816151596E+01
-1.574110472323633E+01
-1.618207803870373E+01
-1.661821173296405E+01
-1.704947671758409E+01
-1.747584026055825E+01
-1.789726635237980E+01
-1.831371605877670E+01
-1.872514719751240E+01
-1.913151319690503E+01
-1.953276135337956E+01
-1.992883087318237E+01
-2.031965104037424E+01
-2.070513961632329E+01
-2.108520121685947E+01
-2.145972504661627E+01
-2.182858113969941E+01
-2.219161434665321E+01
-2.254863597406234E+01
-2.289941450344943E+01
-2.324366919525610E+01
-2.358107270848892E+01
-2.391126881628534E+01
-2.423390626118362E+01
-2.454868039786331E+01
-2.485536688560220E+01
-2.515383388370514E+01
-2.544403061784453E+01
-2.572596158295805E+01
-2.599965901358167E+01
-2.626516210992225E+01
-2.652250541276386E+01
-2.677171470933534E+01
-2.701280754162519E+01
-2.724579567459685E+01
-2.747068766484928E+01
-2.768749040632031E+01
-2.789620909704693E+01
-2.809684551725013E+01
-2.828939488271142E+01
-2.847384182076938E+01
-2.865015613561912E+01
-2.881828891973891E+01
-2.897816925025922E+01
-2.912970132741856E+01
-2.927276170554833E+01
-2.940719648646140E+01
-2.953281914999121E+01
-2.964941100898787E+01
-2.975672755683284E+01
-2.985451405351465E+01
-2.994253116246600E+01
-3.002058612576785E+01
-3.008855958247799E+01
-3.014641744044306E+01
-3.019420336603092E+01
-3.023201657019344E+01
-3.025998500002863E+01
-3.027824300161267E+01
-3.028691767109837E+01
-3.028612356566069E+01
-3.027596317933092E+01
-3.025653030177635E+01
-3.022791400155745E+01
-3.019020171900108E+01
-3.014348051852714E+01
-3.008783595760340E+01
-3.002334841867193E+01
-2.995008723454397E+01
-2.986810350886405E+01
-2.977742302555309E+01
-2.967804079900872E+01
-2.956991847463719E+01
-2.945298505526282E+01
-2.932714069445822E+01
-2.919226300461569E+01
-2.904821563874188E+01
-2.889485952498919E+01
-2.873206739122086E+01
-2.855974141773060E+01
-2.837783184198857E+01
-2.818635202335684E+01
-2.798538469996464E+01
-2.777507635987014E+01
-2.755562112580023E+01
-2.732723957477029E+01
-2.709015897914193E+01
-2.684459943529457E+01
-2.659076712989970E+01
-2.632885351405101E+01
-2.605903811601006E+01
-2.578149277318263E+01
-2.549638555158506E+01
-2.520388309766887E+01
-2.490415049495732E+01
-2.459734797032242E+01
-2.428362422401960E+01
-2.396310694389427E+01
-2.363589221525345E+01
-2.330203568690001E+01
-2.296154877822930E+01
-2.261440226343363E+01
-2.226053734200601E+01
-2.189988187633340E+01
-2.153236821349991E+01
-2.115794946142983E+01
-2.077661259763244E+01
-2.038838814111095E+01
-1.999335652934766E+01
-1.959165090340756E+01
-1.918345545812850E+01
-1.876899866371635E+01
-1.834854176882957E+01
-1.792236452364423E+01
-1.749075105791787E+01
-1.705397867581654E+01
-1.661231113446458E+01
-1.616599647329479E+01
-1.571526834026869E+01
-1.526034927381994E+01
-1.480145440147464E+01
-1.433879421917062E+01
-1.387257530633362E+01
-1.340299797275892E+01
-1.293025007548066E+01
-1.245449689127996E+01
-1.197586828841194E+01
-1.149444646564144E+01
-1.101025937480158E+01
-1.052328496849902E+01
-1.003346830253311E+01
-9.540748109664673E+00
-9.045085045667863E+00
-8.546483544467023E+00
-8.045003043177966E+00
-7.540759178301978E+00
-7.033918420497612E+00
-6.524689791639424E+00
-6.013315928845586E+00
-5.500064269161459E+00
-4.985218333424236E+00
-4.469069073920054E+00
-3.951906667308466E+00
-3.434013521346599E+00
-2.915659305567422E+00
-2.397098468303448E+00
-1.878570147998742E+00
-1.360299869393025E+00
-8.425020834612558E-01
-3.253824683887490E-01
1.908611250726793E-01
7.060401935386886E-01
1.219980581366280E+00
1.732531566791048E+00
2.243578520400573E+00
2.753056479421910E+00
3.260959181959995E+00
3.767336406116713E+00
4.272274605149730E+00
4.775862924074378E+00
5.278155150099908E+00