1.255852554663750E+01
1.255229369195124E+01
1.254715400542478E+01
1.254235962040438E+01
1.253762725344979E+01
1.253435304432466E+01
1.252873525473018E+01
1.252652678831389E+01
1.252021964131570E+01
1.251551077954534E+01
1.251026977067422E+01
1.250605860333536E+01
1.250255556483414E+01
1.249709897165572E+01
1.249482266096059E+01
1.248833138670330E+01
1.248357763321600E+01
1.247734229992742E+01
1.247300015933820E+01
1.246858158840211E+01
1.246286184845522E+01
1.246005000802906E+01
1.245339041789744E+01
1.244866842109120E+01
1.244187312026470E+01
1.243790610548826E+01
1.243317534064466E+01
1.242790669931678E+01
1.242499578851604E+01
1.241868535580286E+01
1.241410160208576E+01
1.240678796408035E+01
1.240284401806549E+01
1.239731448650189E+01
1.239193039468693E+01
1.238815966554609E+01
1.238169877442939E+01
1.237669874930384E+01
1.236872243646609E+01
1.236468967201464E+01
1.235860643172912E+01
1.235355075640553E+01
1.234941581503922E+01
1.234353544804419E+01
1.233865693630799E+01
1.233067093094316E+01
1.232678316508444E+01
1.232031641785735E+01
1.231544646884293E+01
1.231053981101210E+01
1.230476423826887E+01
1.229929038532942E+01
1.229078543668236E+01
1.228635541992137E+01
1.227917624571242E+01
1.227425842035599E+01
1.226861427844875E+01
1.226325775192665E+01
1.225760274645110E+01
1.224932111037312E+01
1.224487628738477E+01
1.223768431180551E+01
1.223312174313774E+01
1.222703001072864E+01
1.222212434143600E+01
1.221603792564588E+01
1.220768360877439E+01
1.220253205304796E+01
1.219478422204395E+01
1.218985514550933E+01
1.218283760817412E+01
1.217799691480797E+01
1.217134005869986E+01
1.216314169820771E+01
1.215753264779762E+01
1.214986615610048E+01
1.214509773307093E+01
1.213787451674163E+01
1.213359623812625E+01
1.212678933134217E+01
1.211902562871113E+01
1.211283864908752E+01
1.210507977748904E+01
1.209988779776546E+01
1.209194888489134E+01
1.208747833968715E+01
1.207994313272798E+01
1.207218135213147E+01
1.206508405398101E+01
1.205727903121340E+01
1.205175615493524E+01
1.204362644588475E+01
1.203941028403900E+01
1.203184653674206E+01
1.202472913077562E+01
1.201722906239700E+01
1.200979832599733E+01
1.200397620333947E+01
1.199565866481501E+01
1.199121779597283E+01
1.198317585089135E+01
1.197605049047047E+01
1.196751006551285E+01
1.195991681284435E+01
1.195329294370318E+01
1.194469389189240E+01
1.193992200204599E+01
1.193176247543463E+01
1.192504822386463E+01
1.191611549559318E+01
1.190901943163397E+01
1.190214458520839E+01
1.189384848515905E+01
1.188889660774545E+01
1.188076939877848E+01
1.187420272195647E+01
1.186455043372219E+01
1.185736431240542E+01
1.184956050306162E+01
1.184101372804552E+01
1.183522144716400E+01
1.182686174058976E+01
1.182021570089346E+01
1.181005950046764E+01
1.180307216417888E+01
1.179485784755518E+01
1.178674469904242E+01
1.178065500801639E+01
1.177272639261519E+01
1.176632501815110E+01
1.175600918049508E+01
1.174912321483895E+01
1.174026726869435E+01
1.173215382353867E+01
1.172509015684644E+01
1.171700835308682E+01
1.171013002041630E+01
1.169930374638225E+01
1.169213092169059E+01
1.168263283458439E+01
1.167470216732959E+01
1.166702212781085E+01
1.165939502337498E+01
1.165258116266210E+01
1.164201997644834E+01
1.163499151073192E+01
1.162530004622166E+01
1.161766575751995E+01
1.160926332041444E+01
1.160178178415447E+01
1.159443021807579E+01
1.158364218147005E+01
1.157599459442424E+01
1.156562413214920E+01
1.155779247565074E+01
1.154847139086959E+01
1.154114316149271E+01
1.153344223400542E+01
1.152300582581251E+01
1.151522691560555E+01
1.150493583307780E+01
1.149743867898666E+01
1.148775166105470E+01
1.148083787413002E+01
1.147281368604854E+01
1.146265452560780E+01
1.145425740214945E+01
1.144359925068656E+01
1.143569338488413E+01
1.142508810199514E+01
1.141797211430513E+01
1.140923360364382E+01
1.139927152239591E+01
1.139027637532153E+01
1.137968170022907E+01
1.137176980391967E+01
1.136097801578827E+01
1.135421096363106E+01
1.134535250495272E+01
1.133606421303213E+01
1.132665773033564E+01
1.131621349104269E+01
1.130794426423037E+01
1.129663932420574E+01
1.128951093094218E+01
1.127991424110840E+01
1.127068059164968E+01
1.126034642511918E+01
1.124981731023767E+01
1.124101923572386E+01
1.122950036132718E+01
1.122227025937994E+01
1.121254471476752E+01
1.120397198413765E+01
1.119336387419010E+01
1.118334461594909E+01
1.117431775314462E+01
1.116287333340953E+01
1.115532871151848E+01
1.114523353277133E+01
1.113675252077250E+01
1.112529641566047E+01
1.111515236099121E+01
1.110524638109522E+01
1.109354478315573E+01
1.108532115175149E+01
1.107494189129797E+01
1.106670201284880E+01
1.105492196575024E+01
1.104522957437272E+01
1.103506108831833E+01
1.102381658685696E+01
1.101530603472823E+01
1.100504589763190E+01
1.099702156242287E+01
1.098486382053407E+01
1.097520317046022E+01
1.096422069984831E+01
1.095286033586471E+01
1.094332991628540E+01
1.093271511536708E+01
1.092439510411906E+01
1.091181501087545E+01
1.090219726647567E+01
1.089073855782163E+01
1.087979988110662E+01
1.086980559022174E+01
1.085955303328423E+01
1.085140145265999E+01
1.083898246596267E+01
1.082956975155455E+01
1.081770112151834E+01
1.080696089143861E+01
1.079603624255995E+01
1.078560817921092E+01
1.077685072550458E+01
1.076409983251468E+01
1.075428085041069E+01
1.074175948369391E+01
1.073110204011106E+01
1.071940809672003E+01
1.070920444452258E+01
1.070027646125192E+01
1.068795496456061E+01
1.067826356586882E+01
1.066574347476215E+01
1.065550875823920E+01
1.064326594025727E+01
1.063322052283107E+01
1.062373490527984E+01
1.061145818713765E+01
1.060117288302273E+01
1.058810922675099E+01
1.057761967911818E+01
1.056444521782536E+01
1.055427497409499E+01
1.054415614766282E+01
1.053223515622114E+01
1.052169653468679E+01
1.050878262829474E+01
1.049858816797973E+01
1.048520914671201E+01
1.047537239185104E+01
1.046492009913635E+01
1.045351269364765E+01
1.044250509018716E+01
1.042948278434492E+01
1.041893591340803E+01
1.040483785579246E+01
1.039460935778369E+01
1.038325903728423E+01
1.037198624699193E+01
1.036027767121087E+01
1.034730312783342E+01
1.033659002986374E+01
1.032239783641968E+01
1.031229231493788E+01
1.030072105060041E+01
1.029016672222027E+01
1.027819951841828E+01
1.026561239324017E+01
1.025465781873472E+01
1.024029794664368E+01
1.022978116869206E+01
1.021746260732974E+01
1.020692697410652E+01
1.019408058996728E+01
1.018141066244444E+01
1.016979009839901E+01
1.015529150208418E+01
1.014438992179459E+01
1.013175844600177E+01
1.012169508773297E+01
1.010864301024659E+01
1.009655544580859E+01
1.008476727753196E+01
1.007065896218393E+01
1.005946015880248E+01
1.004655437772264E+01
1.003657128499618E+01
1.002290042642413E+01
1.001077557072173E+01
9.998126155608576E+00
9.983903101962923E+00
9.971845075288762E+00
9.958488946342325E+00
9.948428815739266E+00
9.934442549570589E+00
9.922664764746864E+00
9.909718018775768E+00
9.896097674429949E+00
9.883737515787168E+00
9.870546210108252E+00
9.860617182197656E+00
9.846544432533216E+00
9.834925515895826E+00
9.821350611781558E+00
9.807842303283259E+00
9.794501239042981E+00
9.780907920117356E+00
9.770399220579678E+00
9.755945942816243E+00
9.744203362650794E+00
9.730095084958897E+00
9.716985160509152E+00
9.703127355277248E+00
9.689803659841163E+00
9.679232937074755E+00
9.665123185767026E+00
9.653631976550637E+00
9.639344378056546E+00
9.626648429944510E+00
9.612095824471083E+00
9.598672745739167E+00
9.587351934831245E+00
9.573048539617167E+00
9.561066764473440E+00
9.546163572408183E+00
9.533471510334937E+00
9.518155094739980E+00
9.504773678065954E+00
9.492956871849206E+00
9.479079776818885E+00
9.467129834279701E+00
9.452362823086766E+00
9.440161872169696E+00
9.424586095449889E+00
9.411448754956494E+00
9.399039579475190E+00
9.385390469563488E+00
9.372904101210819E+00
9.357778479979215E+00
9.345309735140745E+00
9.328973572870076E+00
9.315566891481254E+00
9.302249489266895E+00
9.288823397343730E+00
9.275914632574144E+00
9.260945991267457E+00
9.248659143060154E+00
9.232334940967805E+00
9.219235984508435E+00
9.205545750645223E+00
9.192711592369976E+00
9.179457466299167E+00
9.164631943293962E+00
9.161078533813225E+00