2.481551975121696E+01
2.485225234741242E+01
2.488678030731491E+01
2.491908867773513E+01
2.494916265471509E+01
2.497698760925531E+01
2.500254910399845E+01
2.502583288986056E+01
2.504682489923362E+01
2.506551124932433E+01
2.508187824816616E+01
2.509591239682229E+01
2.510760039861755E+01
2.511692918107651E+01
2.512388591363866E+01
2.512845800803092E+01
2.513063310854341E+01
2.513039908580019E+01
2.512774404292160E+01
2.512265633515701E+01
2.511512459319376E+01
2.510513773356557E+01
2.509268495456175E+01
2.507775573464419E+01
2.506033983804140E+01
2.504042731761690E+01
2.501800851659303E+01
2.499307408360760E+01
2.496561499861468E+01
2.493562258624531E+01
2.490308850935482E+01
2.486800475823266E+01
2.483036364998793E+01
2.479015784080515E+01
2.474738034610423E+01
2.470202455884927E+01
2.465408425561382E+01
2.460355359416300E+01
2.455042711502119E+01
2.449469974492905E+01
2.443636679583767E+01
2.437542396908086E+01
2.431186737672223E+01
2.424569356687416E+01
2.417689952845388E+01
2.410548267862372E+01
2.403144085415581E+01
2.395477231660835E+01
2.387547576655434E+01
2.379355036009892E+01
2.370899572202832E+01
2.362181194978547E+01
2.353199961244728E+01
2.343955975121718E+01
2.334449387766799E+01
2.324680397047841E+01
2.314649248427665E+01
2.304356237459523E+01
2.293801711678476E+01
2.282986070009747E+01
2.271909761176906E+01
2.260573283252675E+01
2.248977184471536E+01
2.237122064359403E+01
2.225008574827175E+01
2.212637421118410E+01
2.200009362079443E+01
2.187125209899789E+01
2.173985829633132E+01
2.160592138450254E+01
2.146945105362699E+01
2.133045752570017E+01
2.118895157800186E+01
2.104494455079276E+01
2.089844833170619E+01
2.074947533981727E+01
2.059803852469481E+01
2.044415137283981E+01
2.028782791262405E+01
2.012908272038242E+01
1.996793092777654E+01
1.980438822177332E+01
1.963847083644518E+01
1.947019554074329E+01
1.929957962746242E+01
1.912664091314711E+01
1.895139775353838E+01
1.877386905974998E+01
1.859407429302193E+01
1.841203344289955E+01
1.822776701344637E+01
1.804129602289364E+01
1.785264200415224E+01
1.766182700299419E+01
1.746887358181393E+01
1.727380482507919E+01
1.707664433350188E+01
1.687741620731844E+01
1.667614502776802E+01
1.647285584592590E+01
1.626757418556879E+01
1.606032605629548E+01
1.585113795889545E+01
1.564003686896643E+01
1.542705021313117E+01
1.521220585749468E+01
1.499553210405161E+01
1.477705768352768E+01
1.455681174959298E+01
1.433482388275741E+01
1.411112409231369E+01
1.388574280169811E+01
1.365871082344263E+01
1.343005933831254E+01
1.319981988697706E+01
1.296802437424591E+01
1.273470507621882E+01
1.249989463465147E+01
1.226362603431008E+01
1.202593258057975E+01
1.178684788860296E+01
1.154640587399491E+01
1.130464074011810E+01
1.106158697289431E+01
1.081727934599030E+01
1.057175291678498E+01
1.032504300217482E+01
1.007718514905694E+01
9.828215116120964E+00
9.578168869673487E+00
9.327082586701835E+00
9.074992654803957E+00
8.821935659183104E+00
8.567948358815002E+00
8.313067666923464E+00
8.057330638618144E+00
7.800774456350165E+00
7.543436416449764E+00
7.285353928462614E+00
7.026564520585840E+00
6.767105827531712E+00
6.507015559196520E+00
6.246331472582484E+00
5.985091359932519E+00
5.723333047803992E+00
5.461094397084406E+00
5.198413297596542E+00
4.935327652852185E+00
4.671875358796591E+00
4.408094286484464E+00
4.144022267268121E+00
3.879697076542065E+00
3.615156425092107E+00
3.350437964541042E+00
3.085579290499751E+00
2.820617922350372E+00
2.555591270097397E+00
2.290536613406360E+00
2.025491097136312E+00
1.760491731622333E+00
1.495575389847327E+00
1.230778800926614E+00
9.661385371869031E-01
7.016909964912589E-01
4.374723857069804E-01
1.735187047749590E-01
-9.013426601894683E-02
-3.534509661281033E-01
-6.163960445914676E-01
-8.789343616785293E-01
-1.141031014523381E+00
-1.402651365815850E+00
-1.663761054589413E+00
-1.924325994999495E+00
-2.184312376602169E+00
-2.443686667568667E+00
-2.702415617899565E+00
-2.960466268212740E+00
-3.217805965220589E+00
-3.474402378191252E+00
-3.730223512654408E+00
-3.985237715009260E+00
-4.239413663789429E+00
-4.492720358229199E+00
-4.745127125803265E+00
-4.996603648627437E+00
-5.247119982980603E+00
-5.496646560502607E+00
-5.745154184550472E+00
-5.992614031179214E+00
-6.238997649076864E+00
-6.484276957191926E+00
-6.728424250706021E+00
-6.971412216557080E+00
-7.213213948802506E+00
-7.453802956062161E+00
-7.693153156234867E+00
-7.931238861741548E+00
-8.168034770696087E+00
-8.403515978896028E+00
-8.637658002120650E+00
-8.870436785010739E+00
-9.101828696108852E+00
-9.331810524524412E+00
-9.560359479675023E+00
-9.787453184934972E+00
-1.001306967045436E+01
-1.023718737962907E+01
-1.045978518576078E+01
-1.068084240352949E+01
-1.090033878737874E+01
-1.111825451789629E+01
-1.133457018569654E+01
-1.154926678696973E+01
-1.176232573693971E+01
-1.197372888481177E+01
-1.218345851399230E+01
-1.239149733537722E+01
-1.259782848494719E+01
-1.280243551932161E+01
-1.300530240245509E+01
-1.320641349728848E+01
-1.340575357597168E+01
-1.360330783646976E+01
-1.379906190702348E+01
-1.399300183538264E+01
-1.418511407105334E+01
-1.437538545179132E+01
-1.456380320318218E+01
-1.475035495002887E+01
-1.493502872391444E+01
-1.511781295898932E+01
-1.529869648666392E+01
-1.547766853255318E+01
-1.565471870567414E+01
-1.582983698065810E+01
-1.600301369307586E+01
-1.617423955459225E+01
-1.634350566656668E+01
-1.651080351575824E+01
-1.667612495734696E+01
-1.683946219799181E+01
-1.700080778664656E+01
-1.716015461576120E+01
-1.731749592893069E+01
-1.747282532351254E+01
-1.762613674635032E+01
-1.777742449024597E+01
-1.792668318749778E+01
-1.807390779274165E+01
-1.821909356532088E+01
-1.836223607192923E+01
-1.850333120492409E+01
-1.864237518951730E+01
-1.877936457150248E+01
-1.891429619874815E+01
-1.904716720839702E+01
-1.917797502090982E+01
-1.930671734041510E+01
-1.943339215927358E+01
-1.955799775956716E+01
-1.968053271100015E+01
-1.980099586709316E+01
-1.991938635326431E+01
-2.003570354601915E+01
-2.014994706051065E+01
-2.026211676130117E+01
-2.037221277989936E+01
-2.048023551371426E+01
-2.058618560911826E+01
-2.069006394587260E+01
-2.079187162892039E+01
-2.089160998302053E+01
-2.098928055139110E+01
-2.108488509985273E+01
-2.117842562027357E+01
-2.126990433003449E+01
-2.135932366493759E+01
-2.144668626200586E+01
-2.153199493957336E+01
-2.161525269333819E+01
-2.169646271281978E+01
-2.177562839409558E+01
-2.185275333132614E+01
-2.192784129970944E+01
-2.200089624520683E+01
-2.207192227868340E+01
-2.214092366892803E+01
-2.220790484103873E+01
-2.227287038338259E+01
-2.233582505370419E+01
-2.239677377729636E+01
-2.245572163478059E+01
-2.251267384234398E+01
-2.256763573713879E+01
-2.262061278213890E+01
-2.267161058397250E+01
-2.272063489859572E+01
-2.276769161862793E+01
-2.281278676010196E+01
-2.285592645674465E+01
-2.289711695323065E+01
-2.293636459637384E+01
-2.297367583641300E+01
-2.300905723862055E+01
-2.304251549000578E+01
-2.307405739308568E+01
-2.310368984906681E+01
-2.313141983967980E+01
-2.315725442046468E+01
-2.318120073168343E+01
-2.320326601343400E+01
-2.322345760482406E+01
-2.324178293139653E+01
-2.325824949712726E+01
-2.327286488021252E+01
-2.328563672327152E+01
-2.329657272495164E+01
-2.330568064729887E+01
-2.331296833119023E+01
-2.331844369999228E+01
-2.332211474741760E+01
-2.332398951907284E+01
-2.332407609959175E+01
-2.332238261333873E+01
-2.331891723725902E+01
-2.331368821117692E+01
-2.330670383335675E+01
-2.329797245121235E+01
-2.328750245709940E+01
-2.327530228205485E+01
-2.326138038319662E+01
-2.324574523950708E+01
-2.322840536654728E+01
-2.320936933229322E+01
-2.318864575449441E+01
-2.316624328382562E+01
-2.314217058784750E+01
-2.311643634499866E+01
-2.308904924977760E+01
-2.306001802415710E+01
-2.302935142366745E+01
-2.299705823296926E+01
-2.296314726056988E+01
-2.292762733499353E+01
-2.289050729448372E+01
-2.285179597443106E+01
-2.281150221068184E+01
-2.276963485991945E+01
-2.272620281139459E+01
-2.268121497695288E+01
-2.263468027293649E+01
-2.258660760970300E+01
-2.253700589121058E+01
-2.248588402094769E+01
-2.243325091077560E+01
-2.237911548537869E+01
-2.232348668016508E+01
-2.226637343799929E+01
-2.220778470240229E+01
-2.214772940394995E+01
-2.208621645178201E+01
-2.202325474558596E+01
-2.195885319744706E+01
-2.189302073601812E+01
-2.182576629101104E+01