8.220842186554890E+00
8.218745880546914E+00
8.216473954483119E+00
8.214078295170104E+00
8.211465123023704E+00
8.208753715769502E+00
8.206131956942645E+00
8.203564550328625E+00
8.201050651318505E+00
8.198736036025247E+00
8.196548950048655E+00
8.194714113163226E+00
8.192980710717331E+00
8.191281955253972E+00
8.189583854205297E+00
8.187840283605869E+00
8.185905033694530E+00
8.183823493471007E+00
8.181417146931528E+00
8.178901130367704E+00
8.176334357539501E+00
8.173637094196335E+00
8.170941384229595E+00
8.168255006068147E+00
8.165725503887463E+00
8.163437719078907E+00
8.161309334019075E+00
8.159280138169654E+00
8.157535392649526E+00
8.155821226613309E+00
8.154166514094578E+00
8.152324308091004E+00
8.150282843776550E+00
8.148112501092360E+00
8.145791500321737E+00
8.143207835168866E+00
8.140538127580475E+00
8.137765544759400E+00
8.135039169997086E+00
8.132436944134145E+00
8.129823386260563E+00
8.127425604958674E+00
8.125255734434361E+00
8.123313976773400E+00
8.121512517846639E+00
8.119757500625660E+00
8.117921234314570E+00
8.116147863020503E+00
8.114107033508521E+00
8.111857191925949E+00
8.109396100895594E+00
8.106786940089455E+00
8.104117545426369E+00
8.101370393434337E+00
8.098519827019933E+00
8.095809212333529E+00
8.093259296276532E+00
8.090847700951663E+00
8.088681800962412E+00
8.086596877754827E+00
8.084762584867024E+00
8.083033768711053E+00
8.081240891837297E+00
8.079280628704314E+00
8.077199050601054E+00
8.074884669798131E+00
8.072494450922441E+00
8.069811577687942E+00
8.066996416888534E+00
8.064206205626659E+00
8.061417396173336E+00
8.058685017969230E+00
8.056051979535585E+00
8.053564717391106E+00
8.051368778175934E+00
8.049399761130568E+00
8.047452227803063E+00
8.045652875829990E+00
8.043772288000781E+00
8.041858047871653E+00
8.039750443613881E+00
8.037375590534380E+00
8.034794618786721E+00
8.032170163094957E+00
8.029359419950826E+00
8.026526737353331E+00
8.023628150997395E+00
8.020817507836412E+00
8.018253575119232E+00
8.015789777626846E+00
8.013490608964434E+00
8.011417392794762E+00
8.009517617920393E+00
8.007692025196576E+00
8.005837574433045E+00
8.003729478586651E+00
8.001589038930895E+00
7.999218542649142E+00
7.996655524367413E+00
7.993902259288888E+00
7.991023188398110E+00
7.988118436678265E+00
7.985315772608855E+00
7.982462332035340E+00
7.979755780842940E+00
7.977271493694759E+00
7.974987626994844E+00
7.972962832943117E+00
7.970962730907535E+00
7.969028135613343E+00
7.967134465802078E+00
7.965123736505052E+00
7.962849141673916E+00
7.960420987501461E+00
7.957728041521963E+00
7.955021867306849E+00
7.952146488809837E+00
7.949161884295080E+00
7.946220720870469E+00
7.943395235182563E+00
7.940701494942632E+00
7.938217136262490E+00
7.935840154178408E+00
7.933694026630148E+00
7.931788154100146E+00
7.929838227541661E+00
7.927871751776839E+00
7.925715095950730E+00
7.923435538890977E+00
7.921002010827276E+00
7.918337104338334E+00
7.915418522012077E+00
7.912528082651880E+00
7.909541712315588E+00
7.906626634914860E+00
7.903729614300290E+00
7.900932492776218E+00
7.898415600888090E+00
7.896120960636291E+00
7.893945844659654E+00
7.891915895787747E+00
7.889926837929604E+00
7.887910976809300E+00
7.885843476679075E+00
7.883432137237911E+00
7.880882870249693E+00
7.878164183514232E+00
7.875324391277662E+00
7.872355122841523E+00
7.869315154393903E+00
7.866251942994693E+00
7.863432329192985E+00
7.860667759140441E+00
7.858063010813917E+00
7.855682731862668E+00
7.853484334708678E+00
7.851493210379092E+00
7.849497813811913E+00
7.847374849425569E+00
7.845168677614263E+00
7.842832082822388E+00
7.840230718029046E+00
7.837498500232551E+00
7.834491206269923E+00
7.831495555777232E+00
7.828490093069547E+00
7.825458987649662E+00
7.822471320148209E+00
7.819681821603558E+00
7.817068716260757E+00
7.814749709987354E+00
7.812508120789422E+00
7.810359672401815E+00
7.808363065407950E+00
7.806267707665127E+00
7.804040278257316E+00
7.801575515685708E+00
7.798904698396353E+00
7.796112304922904E+00
7.793213063402606E+00
7.790079328280238E+00
7.787001433882583E+00
7.783902765193676E+00
7.780974116186193E+00
7.778182349104911E+00
7.775502578279400E+00
7.773041231800007E+00
7.770863731144698E+00
7.768749658606684E+00
7.766667727436150E+00
7.764482410536313E+00
7.762149289144562E+00
7.759759696330641E+00
7.757054439053372E+00
7.754151603316793E+00
7.751125069790697E+00
7.748046725789616E+00
7.744929752415534E+00
7.741857093832746E+00
7.738753524440375E+00
7.735947043091680E+00
7.733312420914275E+00
7.730865275103411E+00
7.728586361111431E+00
7.726392166394337E+00
7.724277224936176E+00
7.722151578491530E+00
7.719773298706680E+00
7.717191981387829E+00
7.714484560360439E+00
7.711561513338426E+00
7.708573197805094E+00
7.705363250431211E+00
7.702158109797034E+00
7.699060389605185E+00
7.696065135797782E+00
7.693141406326353E+00
7.690464210523715E+00
7.687932867405996E+00
7.685702815553028E+00
7.683538408348929E+00
7.681313157871751E+00
7.679070860099509E+00
7.676689963238021E+00
7.674132467130778E+00
7.671366953243450E+00
7.668351319093456E+00
7.665218674518437E+00
7.662123911657497E+00
7.658881272642707E+00
7.655718501281682E+00
7.652599740158722E+00
7.649706660464563E+00
7.647049691981890E+00
7.644545124710017E+00
7.642136607808976E+00
7.639958860145049E+00
7.637758822926525E+00
7.635502271812214E+00
7.633056701485534E+00
7.630353966666384E+00
7.627571418032184E+00
7.624595416414540E+00
7.621435122170610E+00
7.618182540242670E+00
7.614928994844773E+00
7.611725253652536E+00
7.608714668877462E+00
7.605695569154176E+00
7.602948797233733E+00
7.600434272253242E+00
7.598108005965000E+00
7.595860631483315E+00
7.593584441106563E+00
7.591207539518548E+00
7.588803145778496E+00
7.586130136872665E+00
7.583203864680290E+00
7.580155059247096E+00
7.576939255321542E+00
7.573740313186214E+00
7.570453232653236E+00
7.567163879766454E+00
7.564024975261057E+00
7.561117755413575E+00
7.558334714298376E+00
7.555810665647409E+00
7.553339373524846E+00
7.551073617637630E+00
7.548849081194851E+00
7.546458319064888E+00
7.543885504505519E+00
7.541153779805483E+00
7.538232692880508E+00
7.535186518688406E+00
7.531928422832593E+00
7.528545226945922E+00
7.525290687486067E+00
7.522016883241562E+00
7.518879631147514E+00
7.515850827633902E+00
7.513033360906165E+00
7.510473810077328E+00
7.508118326907731E+00
7.505719776690875E+00
7.503405641835999E+00
7.500966264029388E+00
7.498420573144164E+00
7.495678398572740E+00
7.492634311225926E+00
7.489464687565680E+00
7.486241967018445E+00
7.482905927314770E+00
7.479530227512242E+00
7.476205405130912E+00
7.472975677295270E+00
7.470058781316071E+00
7.467208479453505E+00
7.464562832703109E+00
7.462103568463452E+00
7.459769778695461E+00
7.457420829833927E+00
7.454976584417151E+00
7.452258581855173E+00
7.449469927610646E+00
7.446481850561447E+00
7.443274673819420E+00
7.439955713304073E+00
7.436514838736996E+00
7.433150657992877E+00
7.429869788157986E+00
7.426621607291889E+00
7.423519073699804E+00
7.420720791619408E+00
7.418069420655576E+00
7.415655088520552E+00
7.413192698134174E+00
7.410759742571007E+00
7.408298766770811E+00
7.405652866829594E+00
7.402738744577809E+00
7.399667315094498E+00
7.396391831308085E+00
7.393086916305494E+00
7.389692726238668E+00
7.386187215885766E+00
7.382832319867182E+00
7.379588812731186E+00
7.376554079627699E+00
7.373689172825215E+00
7.370976181943147E+00
7.368437503679615E+00
7.366106686190224E+00
7.363621635310852E+00
7.361069032609639E+00
7.358304505801142E+00
7.355395684827331E+00
7.352335961655571E+00
7.349035096286452E+00
7.345566022301697E+00
7.342135501397304E+00
7.338688212694933E+00
7.335296348741020E+00
7.332025387659350E+00
7.328846378215025E+00
7.326015732717909E+00
7.323344888031654E+00
7.320792343644219E+00
7.318293980247002E+00
7.315807697017615E+00
7.313212860444598E+00
7.310520113874004E+00
7.307463140498086E+00
7.304282857985235E+00
7.300986595389126E+00
7.297558220323604E+00
7.294063645687308E+00
7.290517550276078E+00
7.287056547423499E+00
7.283820055583955E+00
7.280708643748957E+00
7.277727020034847E+00
7.275026585783597E+00
7.272422483722590E+00
7.269993861309868E+00
7.267453937241435E+00
7.266789797639195E+00