4.433121575882713E+00
4.986967717659303E+00
5.592276005551582E+00
6.247893506483495E+00
6.948356016978964E+00
7.682821319594172E+00
8.434930394893165E+00
9.184239924058915E+00
9.909250785722088E+00
1.059111075934421E+01
1.121654388672134E+01
1.177898661371252E+01
1.227793339490325E+01
1.271726695900207E+01
1.310345340153804E+01
1.344414100091051E+01
1.374731107456657E+01
1.402089370588852E+01
1.427268303774873E+01
1.451039613981637E+01
1.474175865230234E+01
1.497454234230665E+01
1.521651698307080E+01
1.547531071235046E+01
1.575819732567168E+01
1.607184130745470E+01
1.642202737426153E+01
1.681338066215479E+01
1.724905309334664E+01
1.773032470722073E+01
1.825606570714980E+01
1.882204980339176E+01
1.942022329071038E+01
2.003821168195124E+01
2.065951132178041E+01
2.126479925215187E+01
2.183443115652407E+01
2.235154688586028E+01
2.280469572306390E+01
2.318901551689652E+01
2.350573500467727E+01
2.376054528160840E+01
2.396168005849124E+01
2.411833792191840E+01
2.423969527708153E+01
2.433446780804717E+01
2.441085298258293E+01
2.447667522431213E+01
2.453959033710498E+01
2.460724604834843E+01
2.468732880601822E+01
2.478745589533514E+01
2.491490240324643E+01
2.507618597585803E+01
2.527656255755776E+01
2.551950222903664E+01
2.580620760868942E+01
2.613521152159609E+01
2.650206388804708E+01
2.689911574509768E+01
2.731544939414816E+01
2.773708144004811E+01
2.814763441891322E+01
2.852965035572885E+01
2.886653042705835E+01
2.914475221792487E+01
2.935572684550371E+01
2.949666718849909E+01
2.957022038557664E+01
2.958313836717842E+01
2.954457512800112E+01
2.946456718472231E+01
2.935300133611992E+01
2.921911068000090E+01
2.907138323154598E+01
2.891772022257695E+01
2.876569486648842E+01
2.862279265326397E+01
2.849653965055641E+01
2.839444452582106E+01
2.832370333512364E+01
2.829065630019404E+01
2.830004793860991E+01
2.835421404167018E+01
2.845237090352905E+01
2.859018076650892E+01
2.875970338312207E+01
2.894974696702539E+01
2.914655548704483E+01
2.933474891634252E+01
2.949845795053677E+01
2.962261496449453E+01
2.969432836392161E+01
2.970417258449187E+01
2.964713087743174E+01
2.952292751969702E+01
2.933563151762606E+01
2.909264997368177E+01
2.880342251731900E+01
2.847817378407008E+01
2.812698072177610E+01
2.775925040463938E+01
2.738356942303162E+01
2.700781520759453E+01
2.663940306354616E+01
2.628555212927671E+01
2.595346592206374E+01
2.565033011260839E+01
2.538303861462359E+01
2.515758840184166E+01
2.497815687026335E+01
2.484600057338221E+01
2.475845653327658E+01
2.470840382268401E+01
2.468446636508092E+01
2.467200206546186E+01
2.465464550462258E+01
2.461601466364692E+01
2.454122978998410E+01
2.441805700428593E+01
2.423765076622043E+01
2.399494480184420E+01
2.368873376804516E+01
2.332145441731398E+01
2.289867093675357E+01
2.242831213719887E+01
2.191977288760456E+01
2.138303432870334E+01
2.082794814139969E+01
2.026377439151014E+01
1.969898940342485E+01
1.914131933374913E+01
1.859791982074910E+01
1.807560814300744E+01
1.758104948414880E+01
1.712079328515959E+01
1.670104967311742E+01
1.632710575311077E+01
1.600233974687567E+01
1.572693235951088E+01
1.549659508490109E+01
1.530183689341019E+01
1.512828778358332E+01
1.495825807369395E+01
1.477315924679259E+01
1.455601274287977E+01
1.429331500745825E+01
1.397593377929715E+01
1.359915097041900E+01
1.316218859059775E+01
1.266753756254168E+01
1.212027765901798E+01
1.152744945054506E+01
1.089747075820999E+01
1.023958072402959E+01
9.563318356426466E+00
8.878069590258244E+00
8.192727176272761E+00
7.515495515138989E+00
6.853844791994859E+00
6.214587082837867E+00
5.604019889529547E+00
5.028061499368274E+00
4.492284772148850E+00
4.001740223936887E+00
3.560454604532151E+00
3.170524902857078E+00
2.830844450787267E+00
2.535729334198552E+00
2.274005176605457E+00
2.029256934419406E+00
1.781658001905118E+00
1.511050211459299E+00
1.200206498825085E+00
8.370966655168214E-01
4.155932645484176E-01
-6.514365370093200E-02
-6.019420835726071E-01
-1.188946479872625E+00
-1.818671724209526E+00
-2.482714287030210E+00
-3.172194034797877E+00
-3.878038202016431E+00
-4.591198381661995E+00
-5.302849321594225E+00
-6.004577931809392E+00
-6.688544803469707E+00
-7.347593747756614E+00
-7.975296072694251E+00
-8.565939709492971E+00
-9.114501737752411E+00
-9.616670717751742E+00
-1.006900835817670E+01
-1.046935136786757E+01
-1.081753614382622E+01
-1.111644733174922E+01
-1.137320786348367E+01
-1.160005144964156E+01
-1.181419086120925E+01
-1.203610880449469E+01
-1.228636137073028E+01
-1.258191497812822E+01
-1.293347337940498E+01
-1.334471507907231E+01
-1.381329539911378E+01
-1.433274027753355E+01
-1.489433644362824E+01
-1.548852239635172E+01
-1.610569054592063E+01
-1.673653346948371E+01
-1.737212397901536E+01
-1.800388986824386E+01
-1.862358981422476E+01
-1.922334429370741E+01
-1.979573306912582E+01
-2.033394158695518E+01
-2.083192494684391E+01
-2.128456161827398E+01
-2.168778833385842E+01
-2.203873677503835E+01
-2.233592247829811E+01
-2.257955512138700E+01
-2.277203196563548E+01
-2.291862205838311E+01
-2.302822520454791E+01
-2.311389630433558E+01
-2.319263666227254E+01
-2.328395798009117E+01
-2.340713422638476E+01
-2.357782045929890E+01
-2.380531808808748E+01
-2.409158789701318E+01
-2.443218409514237E+01
-2.481835602741038E+01
-2.523929060824211E+01
-2.568380536389981E+01
-2.614129753541818E+01
-2.660208079555636E+01
-2.705734768853615E+01
-2.749897264785134E+01
-2.791930677666145E+01
-2.831105573018581E+01
-2.866728590617118E+01
-2.898156786782060E+01
-2.924823553920179E+01
-2.946271667378692E+01
-2.962188039178286E+01
-2.972435650498418E+01
-2.977080720386374E+01
-2.976416270441608E+01
-2.970984925315388E+01
-2.961602005151875E+01
-2.949373422250864E+01
-2.935692223265611E+01
-2.922187206399780E+01
-2.910596410361570E+01
-2.902558873694763E+01
-2.899361353857619E+01
-2.901720459104032E+01
-2.909686291127528E+01
-2.922703660472332E+01
-2.939792837191763E+01
-2.959767645678746E+01
-2.981417193793868E+01
-3.003616949588876E+01
-3.025371834014494E+01
-3.045812426406800E+01
-3.064167713369607E+01
-3.079732743001274E+01
-3.091843500855596E+01
-3.099866732961756E+01
-3.103209129571288E+01
-3.101347119471994E+01
-3.093874588748903E+01
-3.080561195045722E+01
-3.061409946092150E+01
-3.036701427755500E+01
-3.007014848671666E+01
-2.973222035857557E+01
-2.936456485439383E+01
-2.898061957317020E+01
-2.859522570469822E+01
-2.822371314627170E+01
-2.788071794968099E+01
-2.757874523659405E+01
-2.732665449504372E+01
-2.712843247712825E+01
-2.698268200556719E+01
-2.688307696410612E+01
-2.681966974995861E+01
-2.678061046294696E+01
-2.675375047975578E+01
-2.672776729658917E+01
-2.669270900064145E+01
-2.664005833258841E+01
-2.656250080881576E+01
-2.645357733548419E+01
-2.630736209827331E+01
-2.611826776644684E+01
-2.588105341926597E+01
-2.559108845803576E+01
-2.524489086653963E+01
-2.484089426034860E+01
-2.438030458953951E+01
-2.386781395464807E+01
-2.331190450170412E+01
-2.272455251167574E+01
-2.212032384324289E+01
-2.151504930353317E+01
-2.092437124016110E+01
-2.036241579768799E+01
-1.984072265195073E+01
-1.936745408373877E+01
-1.894687181750637E+01
-1.857910574515676E+01
-1.826028306450018E+01
-1.798307424598899E+01
-1.773762252272862E+01
-1.751269934711499E+01
-1.729684723823980E+01
-1.707928552063959E+01
-1.685045157867738E+01
-1.660217217639026E+01
-1.632755052029690E+01
-1.602069435454145E+01
-1.567641019991829E+01
-1.528997234184083E+01
-1.485705963661831E+01
-1.437394175917074E+01
-1.383797680715801E+01
-1.324842953876354E+01
-1.260750913468247E+01
-1.192136077183002E+01
-1.120059505934507E+01
-1.045993734758172E+01
-9.716831955385821E+00
-8.989276446199497E+00
-8.293520076941238E+00
-7.642281994972477E+00
-7.043833827287477E+00
-6.501897733797975E+00
-6.016077976130083E+00
-5.582529719395474E+00
-5.194680899689490E+00
-4.843944241183945E+00
-4.520421166326169E+00
-4.213600492016786E+00
-3.913020923266446E+00
-3.608834895971675E+00
-3.292207935852523E+00
-2.955515967942414E+00
-2.592348079536222E+00
-2.197364292348385E+00
-1.766084859545970E+00
-1.294699110290189E+00
-7.799846200945494E-01
-2.194269160675038E-01
3.883777618244368E-01
1.042987453786330E+00
1.741088972473532E+00
2.475397930101567E+00
3.233927884448505E+00
4.000210329098923E+00
4.754872770885854E+00
5.478405307970387E+00
6.154257720388419E+00