-1.358172804527507E+09
-1.357822481323319E+09
-1.357471720500329E+09
-1.357120525254404E+09
-1.356768898173624E+09
-1.356416853398204E+09
-1.356064410428285E+09
-1.355711579120649E+09
-1.355358369424715E+09
-1.355004793722477E+09
-1.354650856237483E+09
-1.354296563674017E+09
-1.353941901549109E+09
-1.353586854450969E+09
-1.353231409565608E+09
-1.352875552637744E+09
-1.352519268002710E+09
-1.352162548018090E+09
-1.351805384936108E+09
-1.351447789910525E+09
-1.351089772836419E+09
-1.350731339415576E+09
-1.350372504135936E+09
-1.350013280494994E+09
-1.349653684921938E+09
-1.349293728966374E+09
-1.348933411859800E+09
-1.348572731055730E+09
-1.348211686892932E+09
-1.347850261775949E+09
-1.347488441085896E+09
-1.347126202904228E+09
-1.346763535462630E+09
-1.346400436788325E+09
-1.346036903943269E+09
-1.345672934876180E+09
-1.345308541766798E+09
-1.344943735653035E+09
-1.344578533972902E+09
-1.344212949896442E+09
-1.343846988594662E+09
-1.343480665789917E+09
-1.343113988260062E+09
-1.342746953616914E+09
-1.342379551682845E+09
-1.342011766967674E+09
-1.341643583772238E+09
-1.341274993569270E+09
-1.340905974615758E+09
-1.340536520187809E+09
-1.340166630103770E+09
-1.339796310598720E+09
-1.339425572357880E+09
-1.339054423187846E+09
-1.338682873045854E+09
-1.338310943380265E+09
-1.337938646524571E+09
-1.337565988861918E+09
-1.337192975653390E+09
-1.336819601132564E+09
-1.336445864752460E+09
-1.336071751453611E+09
-1.335697239262957E+09
-1.335322311841868E+09
-1.334946960752513E+09
-1.334571177872715E+09
-1.334194965605958E+09
-1.333818319734363E+09
-1.333441252634396E+09
-1.333063781713034E+09
-1.332685917802639E+09
-1.332307673087386E+09
-1.331929058991688E+09
-1.331550085482605E+09
-1.331170762562961E+09
-1.330791085004385E+09
-1.330411037730915E+09
-1.330030612963870E+09
-1.329649792077185E+09
-1.329268562581339E+09
-1.328886908331469E+09
-1.328504819226013E+09
-1.328122298549940E+09
-1.327739356034714E+09
-1.327355994162148E+09
-1.326972226717848E+09
-1.326588064762889E+09
-1.326203526285840E+09
-1.325818627373070E+09
-1.325433369457988E+09
-1.325047756520401E+09
-1.324661790151317E+09
-1.324275461696419E+09
-1.323888756270007E+09
-1.323501654440581E+09
-1.323114136422330E+09
-1.322726200190135E+09
-1.322337835145367E+09
-1.321949039260648E+09
-1.321559816610568E+09
-1.321170177553555E+09
-1.320780137695844E+09
-1.320389711914098E+09
-1.319998905552210E+09
-1.319607735442243E+09
-1.319216213098237E+09
-1.318824341041814E+09
-1.318432117134326E+09
-1.318039525566236E+09
-1.317646555968397E+09
-1.317253195942792E+09
-1.316859425880744E+09
-1.316465230322206E+09
-1.316070606687353E+09
-1.315675553314752E+09
-1.315280082546557E+09
-1.314884196787195E+09
-1.314487906404730E+09
-1.314091229995267E+09
-1.313694182777706E+09
-1.313296775052296E+09
-1.312899014789031E+09
-1.312500901157469E+09
-1.312102437289579E+09
-1.311703615806672E+09
-1.311304414246312E+09
-1.310904818060373E+09
-1.310504810495751E+09
-1.310104384361758E+09
-1.309703534193484E+09
-1.309302254962059E+09
-1.308900551021397E+09
-1.308498440513660E+09
-1.308095931474150E+09
-1.307693039272053E+09
-1.307289773332308E+09
-1.306886146589644E+09
-1.306482173812747E+09
-1.306077855131423E+09
-1.305673182144164E+09
-1.305268147543441E+09
-1.304862736935276E+09
-1.304456935435580E+09
-1.304050727556209E+09
-1.303644093710525E+09
-1.303237035909060E+09
-1.302829555843083E+09
-1.302421658330669E+09
-1.302013350879559E+09
-1.301604645109746E+09
-1.301195556465971E+09
-1.300786105632744E+09
-1.300376295779085E+09
-1.299966135220860E+09
-1.299555629212016E+09
-1.299144774378644E+09
-1.298733562835189E+09
-1.298321973983771E+09
-1.297909988799565E+09
-1.297497598316512E+09
-1.297084792100885E+09
-1.296671560583248E+09
-1.296257906523910E+09
-1.295843831784835E+09
-1.295429354829522E+09
-1.295014486621465E+09
-1.294599235903054E+09
-1.294183616986631E+09
-1.293767645612057E+09
-1.293351328720879E+09
-1.292934670663506E+09
-1.292517659671402E+09
-1.292100287759273E+09
-1.291682545890917E+09
-1.291264412245894E+09
-1.290845871123824E+09
-1.290426910166753E+09
-1.290007526654903E+09
-1.289587726108846E+09
-1.289167512349175E+09
-1.288746888999189E+09
-1.288325876289069E+09
-1.287904486249790E+09
-1.287482735643966E+09
-1.287060632284415E+09
-1.286638180314693E+09
-1.286215386650413E+09
-1.285792250303262E+09
-1.285368753981142E+09
-1.284944882699614E+09
-1.284520618565415E+09
-1.284095949352141E+09
-1.283670869112426E+09
-1.283245364510747E+09
-1.282819438812336E+09
-1.282393102062710E+09
-1.281966365633604E+09
-1.281539241047102E+09
-1.281111740600458E+09
-1.280683874324722E+09
-1.280255663478193E+09
-1.279827111015324E+09
-1.279398216185973E+09
-1.278968974040514E+09
-1.278539373578662E+09
-1.278109403066494E+09
-1.277679044935929E+09
-1.277248277241716E+09
-1.276817093844680E+09
-1.276385494759369E+09
-1.275953478943549E+09
-1.275521054870255E+09
-1.275088226481583E+09
-1.274655012343472E+09
-1.274221430127107E+09
-1.273787489431729E+09
-1.273353197845501E+09
-1.272918566352950E+09
-1.272483594835289E+09
-1.272048283762287E+09
-1.271612614896608E+09
-1.271176569674960E+09
-1.270740137254489E+09
-1.270303303025037E+09
-1.269866056272052E+09
-1.269428391490749E+09
-1.268990308470983E+09
-1.268551819624940E+09
-1.268112938840008E+09
-1.267673670444166E+09
-1.267234032168962E+09
-1.266794036290640E+09
-1.266353698095674E+09
-1.265913023938853E+09
-1.265472009425985E+09
-1.265030648426833E+09
-1.264588936740373E+09
-1.264146853977906E+09
-1.263704383508258E+09
-1.263261508195110E+09
-1.262818218719305E+09
-1.262374519106804E+09
-1.261930407295716E+09
-1.261485887141706E+09
-1.261040971788202E+09
-1.260595676383843E+09
-1.260150015786601E+09
-1.259704003750139E+09
-1.259257642521598E+09
-1.258810946739668E+09
-1.258363917792917E+09
-1.257916547633121E+09
-1.257468821955312E+09
-1.257020723485602E+09
-1.256572237794438E+09
-1.256123356144847E+09
-1.255674061648270E+09
-1.255224350711262E+09
-1.254774230403438E+09
-1.254323707341919E+09
-1.253872796030394E+09
-1.253421503461193E+09
-1.252969843198593E+09
-1.252517834096100E+09
-1.252065487558066E+09
-1.251612804454665E+09
-1.251159787363611E+09
-1.250706425918161E+09
-1.250252715491918E+09
-1.249798637849291E+09
-1.249344170233616E+09
-1.248889300811316E+09
-1.248434024162502E+09
-1.247978337281987E+09
-1.247522243669241E+09
-1.247065745435617E+09
-1.246608855931676E+09
-1.246151596003441E+09
-1.245693973264456E+09
-1.245236001380019E+09
-1.244777688752945E+09
-1.244319044057548E+09
-1.243860070555614E+09
-1.243400758718383E+09
-1.242941089275126E+09
-1.242481053287113E+09
-1.242020632505095E+09
-1.241559815204558E+09
-1.241098590063784E+09
-1.240636950735687E+09
-1.240174906990462E+09
-1.239712468967768E+09
-1.239249642750908E+09
-1.238786441553773E+09
-1.238322880372941E+09
-1.237858973697238E+09
-1.237394736515353E+09
-1.236930164675663E+09
-1.236465260543217E+09
-1.236000020073935E+09
-1.235534430705323E+09
-1.235068474147205E+09
-1.234602132081266E+09
-1.234135388505179E+09
-1.233668244396583E+09
-1.233200693831283E+09
-1.232732736880428E+09
-1.232264383573867E+09
-1.231795645024109E+09
-1.231326539775938E+09
-1.230857079586620E+09
-1.230387271607279E+09
-1.229917129215465E+09
-1.229446662718581E+09
-1.228975866913135E+09
-1.228504736211135E+09
-1.228033250724431E+09
-1.227561399664332E+09
-1.227089169800926E+09
-1.226616543326201E+09
-1.226143509731473E+09
-1.225670070963373E+09
-1.225196230380759E+09
-1.224722000817992E+09
-1.224247388632716E+09
-1.223772403978745E+09
-1.223297068558662E+09
-1.222821393620658E+09
-1.222345388668315E+09
-1.221869055990323E+09
-1.221392393423711E+09
-1.220915397570353E+09
-1.220438057811294E+09
-1.219960347989427E+09
-1.219482255970492E+09
-1.219003768287784E+09
-1.218524880942937E+09
-1.218045592238602E+09
-1.217565900542327E+09
-1.217085815744035E+09
-1.216605356398425E+09
-1.216124532575800E+09
-1.215643357172938E+09
-1.215161841848088E+09
-1.214679995303726E+09
-1.214197830510328E+09
-1.213715339901978E+09
-1.213232512617139E+09
-1.212749336689857E+09
-1.212265797813720E+09
-1.211781879714976E+09
-1.211297569948178E+09
-1.210812853454890E+09
-1.210327737353298E+09
-1.209842227315700E+09
-1.209356328976216E+09
-1.208870053547779E+09
-1.208383413257241E+09
-1.207896425714521E+09
-1.207409107083192E+09
-1.206921460030075E+09
-1.206433487640334E+09
-1.205945193744924E+09
-1.205456567356079E+09
-1.204967598116610E+09
-1.204478262290766E+09
-1.204355868878558E+09