-2.822582844526653E+07
-3.077869284539206E+07
-3.334139058901066E+07
-3.591158997830092E+07
-3.848569147049800E+07
-4.105880961280847E+07
-4.362494347320350E+07
-4.617738403277307E+07
-4.870932478430806E+07
-5.121454279710820E+07
-5.368796966744768E+07
-5.612601714647132E+07
-5.852662979178773E+07
-6.088913264755315E+07
-6.321397835670840E+07
-6.550248110343123E+07
-6.775658636553580E+07
-6.997869119503054E+07
-7.217150888897394E+07
-7.433796314903067E+07
-7.648109578231764E+07
-7.860397499233374E+07
-8.070959605975968E+07
-8.280077131048955E+07
-8.488001063793512E+07
-8.694939659373340E+07
-8.901045869723861E+07
-9.106405041852450E+07
-9.311023050372568E+07
-9.514814999699374E+07
-9.717594986036009E+07
-9.919068334462477E+07
-1.011882919896370E+08
-1.031636796445396E+08
-1.051109339812860E+08
-1.070237241729458E+08
-1.088958486560407E+08
-1.107218347620232E+08
-1.124974461324864E+08
-1.142199742573667E+08
-1.158882719934633E+08
-1.175025779804997E+08
-1.190642301035755E+08
-1.205753619506852E+08
-1.220386413139861E+08
-1.234570720013695E+08
-1.248338542376276E+08
-1.261722863927148E+08
-1.274756876089297E+08
-1.287473228183009E+08
-1.299903160485190E+08
-1.312075436954446E+08
-1.324015060836544E+08
-1.335741824644923E+08
-1.347268804516763E+08
-1.358600944312298E+08
-1.369733879831485E+08
-1.380653134512113E+08
-1.391333795062542E+08
-1.401740772256624E+08
-1.411829777992530E+08
-1.421549183017373E+08
-1.430842902309514E+08
-1.439654312430691E+08
-1.447930902514682E+08
-1.455628977073843E+08
-1.462717475246458E+08
-1.469180071493614E+08
-1.475015209778779E+08
-1.480234357511795E+08
-1.484859208711812E+08
-1.488918642898635E+08
-1.492446029628736E+08
-1.495477151235324E+08
-1.498048752049184E+08
-1.500197566721495E+08
-1.501959618972463E+08
-1.503369579557881E+08
-1.504460001285383E+08
-1.505260298672379E+08
-1.505795411210480E+08
-1.506084184789945E+08
-1.506137618607827E+08
-1.505957230602247E+08
-1.505533855214356E+08
-1.504847169871628E+08
-1.503866147075960E+08
-1.502550482935963E+08
-1.500852916607377E+08
-1.498722267532593E+08
-1.496106974479032E+08
-1.492958883018424E+08
-1.489236960378181E+08
-1.484910527398131E+08
-1.479961552039903E+08
-1.474385631229874E+08
-1.468191527295801E+08
-1.461399449482915E+08
-1.454038538660353E+08
-1.446144110240472E+08
-1.437755122741536E+08
-1.428912143348054E+08
-1.419655875554214E+08
-1.410026160873289E+08
-1.400061282106858E+08
-1.389797365853902E+08
-1.379267687388329E+08
-1.368501711772209E+08
-1.357523764702018E+08
-1.346351327434349E+08
-1.334993099761122E+08
-1.323447155613060E+08
-1.311699667516849E+08
-1.299724706584789E+08
-1.287485462802078E+08
-1.274936897787275E+08
-1.262029473279116E+08
-1.248713362816065E+08
-1.234942536712346E+08
-1.220678263367791E+08
-1.205891771318116E+08
-1.190565968712710E+08
-1.174696197610388E+08
-1.158290045932923E+08
-1.141366296660138E+08
-1.123953178316167E+08
-1.106086169370155E+08
-1.087805658983468E+08
-1.069154748215184E+08
-1.050177393049324E+08
-1.030916974535282E+08
-1.011415268965067E+08
-9.917117066900358E+07
-9.718427585973163E+07
-9.518412702240628E+07
-9.317355707594529E+07
-9.115482223103574E+07
-8.912943601255222E+07
-8.709797280813763E+07
-8.505987386848082E+07
-8.301331310083532E+07
-8.095519314438379E+07
-7.888132732701038E+07
-7.678681381879759E+07
-7.466654234777616E+07
-7.251572739950508E+07
-7.033036182201490E+07
-6.810752617186558E+07
-6.584554231173733E+07
-6.354399706747065E+07
-6.120367442758135E+07
-5.882642996338380E+07
-5.641503041769973E+07
-5.397297278232309E+07
-5.150429331301637E+07
-4.901337662882052E+07
-4.650477559336939E+07
-4.398305173211251E+07
-4.145264255941677E+07
-3.891775689766810E+07
-3.638229339731584E+07
-3.384977233510183E+07
-3.132326725027971E+07
-2.880532162236764E+07
-2.629783735933720E+07
-2.380192791447326E+07
-2.131774180561165E+07
-1.884428406319362E+07
-1.637929128573842E+07
-1.391923868609331E+07
-1.145955282434531E+07
-8.995052741781445E+06
-6.520554358207880E+06
-4.031496389979852E+06
-1.524434783754735E+06
1.002685010447101E+06
3.550478769684946E+06
6.118235224428441E+06
8.704111035524860E+06
1.130534871904820E+07
1.391848454333997E+07
1.653953545209063E+07
1.916416619194191E+07
2.178784155422321E+07
2.440596740625282E+07
2.701402124143224E+07
2.960767068349726E+07
3.218287801838991E+07
3.473599060377830E+07
3.726382026825145E+07
3.976371841907346E+07
4.223365623986825E+07
4.467231973180238E+07
4.707922583755258E+07
4.945485645322169E+07
5.180078986171086E+07
5.411978458784842E+07
5.641574657097358E+07
5.869350546311454E+07
6.095836329882468E+07
6.321546402424330E+07
6.546912736111097E+07
6.772232725714637E+07
6.997643755237058E+07
7.223125420053512E+07
7.448521116041014E+07
7.673567927335916E+07
7.897926230089873E+07
8.121204667620313E+07
8.342979603141689E+07
8.562810052680346E+07
8.780249716603789E+07
8.994857587684059E+07
9.206208135643423E+07
9.413901518492906E+07
9.617573813122255E+07
9.816906991450250E+07
1.001163833414487E+08
1.020156913958848E+08
1.038657284482262E+08
1.056660286368030E+08
1.074170037253994E+08
1.091200174557481E+08
1.107774422095003E+08
1.123926670817879E+08
1.139700090071398E+08
1.155144723095917E+08
1.170313245344464E+08
1.185255180608341E+08
1.200010695903703E+08
1.214605610328089E+08
1.229048966475327E+08
1.243333506586160E+08
1.257438333022847E+08
1.271332538030514E+08
1.284978745596388E+08
1.298335985012680E+08
1.311361763666574E+08
1.324013474686228E+08
1.336249373915835E+08
1.348029356056301E+08
1.359315707905528E+08
1.370073948843167E+08
1.380273799240576E+08
1.389890254326339E+08
1.398904692269435E+08
1.407305919078217E+08
1.415091053195293E+08
1.422266173605468E+08
1.428846680059658E+08
1.434857319825394E+08
1.440331803723018E+08
1.445311863912573E+08
1.449845526226403E+08
1.453984349111376E+08
1.457779515255028E+08
1.461277016209280E+08
1.464512675470513E+08
1.467508144033442E+08
1.470268936017318E+08
1.472784951954876E+08
1.475033084001797E+08
1.476980914769962E+08
1.478590469591120E+08
1.479821330749662E+08
1.480632868897548E+08
1.480985675735207E+08
1.480842439466540E+08
1.480168534075325E+08
1.478932556191246E+08
1.477106979570255E+08
1.474669023201053E+08
1.471601747537632E+08
1.467895306177459E+08
1.463548197313496E+08
1.458568300345728E+08
1.452973470468323E+08
1.446791507892008E+08
1.440059404343961E+08
1.432821861981440E+08
1.425129142601196E+08
1.417034327104630E+08
1.408590073252557E+08
1.399845005360603E+08
1.390839993231998E+08
1.381604763217251E+08
1.372155433763444E+08
1.362493537441831E+08
1.352606800303246E+08
1.342471483056176E+08
1.332055675062348E+08
1.321322777818926E+08
1.310234553674739E+08
1.298753417425814E+08
1.286843945249616E+08
1.274473769195902E+08
1.261614104997151E+08
1.248240161164336E+08
1.234331636400798E+08
1.219873451449002E+08
1.204856783507574E+08
1.189280369960761E+08
1.173151921595955E+08
1.156489351879486E+08
1.139321434629855E+08
1.121687510037511E+08
1.103636007850673E+08
1.085221818250260E+08
1.066502813842968E+08
1.047535992996431E+08
1.028373722612345E+08
1.009060449498601E+08
9.896301163950665E+07
9.701044312299851E+07
9.504921015504541E+07
9.307891122827120E+07
9.109800397375651E+07
8.910402464266422E+07
8.709386383143474E+07
8.506405676012360E+07
8.301104831625402E+07
8.093140581697521E+07
7.882197006187288E+07
7.667995107323062E+07
7.450298508877914E+07
7.228917346935472E+07
7.003712373648007E+07
6.774600955766207E+07
6.541566066615970E+07
6.304668468022807E+07
6.064060929825436E+07
5.820001541382086E+07
5.572861329134996E+07
5.323120470499163E+07
5.071348627774628E+07
4.818168865957309E+07
4.564210061120903E+07
4.310056877488940E+07
4.056206881453945E+07
3.803041135809408E+07
3.550809927527808E+07
3.299631656032452E+07
3.049501437567543E+07
2.800306218942459E+07
2.551844081083770E+07
2.303846117794423E+07
2.055999504157490E+07
1.807970273327769E+07
1.559424240248132E+07
1.310044721318088E+07
1.059546262975455E+07
8.076843655207114E+06
5.542619402239377E+06
2.991337822189607E+06
4.221059922054202E+05
-2.165358946629473E+06
-4.770656278730569E+06
-7.392600374755127E+06
-1.002909783262265E+07
-1.267702707304092E+07
-1.533216648446848E+07
-1.798923549143340E+07
-2.064211105194078E+07
-2.328424363423964E+07
-2.590922393687428E+07
-2.851137900054520E+07