1.744451068474438E+09
1.744899234369486E+09
1.745347333420684E+09
1.745795360024869E+09
1.746243320624136E+09
1.746691212226892E+09
1.747139034534167E+09
1.747586791099314E+09
1.748034481400071E+09
1.748482110878049E+09
1.748929673315242E+09
1.749377167023627E+09
1.749824595729201E+09
1.750271955916248E+09
1.750719250516731E+09
1.751166476330001E+09
1.751613635983126E+09
1.752060734172983E+09
1.752507763671795E+09
1.752954725486113E+09
1.753401617614436E+09
1.753848441109603E+09
1.754295198408747E+09
1.754741884270027E+09
1.755188505984206E+09
1.755635065276938E+09
1.756081560216762E+09
1.756527990945376E+09
1.756974351614845E+09
1.757420646624946E+09
1.757866872962323E+09
1.758313026802216E+09
1.758759113293208E+09
1.759205131754111E+09
1.759651087182373E+09
1.760096976389829E+09
1.760542796325586E+09
1.760988552525619E+09
1.761434240246438E+09
1.761879860092137E+09
1.762325411117060E+09
1.762770894401680E+09
1.763216316416626E+09
1.763661670438730E+09
1.764106957073822E+09
1.764552176760478E+09
1.764997326798752E+09
1.765442409034204E+09
1.765887417742891E+09
1.766332358570181E+09
1.766777235867515E+09
1.767222046722004E+09
1.767666794124633E+09
1.768111474146674E+09
1.768556089502747E+09
1.769000638386621E+09
1.769445113637497E+09
1.769889520357943E+09
1.770333858029666E+09
1.770778129339863E+09
1.771222334082474E+09
1.771666468881816E+09
1.772110540517794E+09
1.772554544421795E+09
1.772998478382220E+09
1.773442343692569E+09
1.773886139509235E+09
1.774329872378932E+09
1.774773537603784E+09
1.775217135246844E+09
1.775660668865427E+09
1.776104133764509E+09
1.776547530705999E+09
1.776990854083644E+09
1.777434106171966E+09
1.777877292703219E+09
1.778320409459598E+09
1.778763460698614E+09
1.779206446130087E+09
1.779649367259985E+09
1.780092224234555E+09
1.780535008460453E+09
1.780977724148526E+09
1.781420371120053E+09
1.781862948402785E+09
1.782305458119416E+09
1.782747897252432E+09
1.783190272532119E+09
1.783632581174736E+09
1.784074818569381E+09
1.784516987610097E+09
1.784959085938508E+09
1.785401118464782E+09
1.785843082754092E+09
1.786284977901155E+09
1.786726810731134E+09
1.787168576729332E+09
1.787610275342376E+09
1.788051902625325E+09
1.788493457457720E+09
1.788934945138483E+09
1.789376359876286E+09
1.789817705245193E+09
1.790258984677624E+09
1.790700198415617E+09
1.791141348840441E+09
1.791582428470808E+09
1.792023440115297E+09
1.792464384573575E+09
1.792905257313344E+09
1.793346061293458E+09
1.793786794194785E+09
1.794227461592250E+09
1.794668063377393E+09
1.795108593218813E+09
1.795549055117036E+09
1.795989446551307E+09
1.796429769124731E+09
1.796870022042165E+09
1.797310203308613E+09
1.797750321759175E+09
1.798190374429116E+09
1.798630359816492E+09
1.799070277368469E+09
1.799510123689728E+09
1.799949902534919E+09
1.800389607352490E+09
1.800829239028349E+09
1.801268803287977E+09
1.801708299107724E+09
1.802147730288276E+09
1.802587092096587E+09
1.803026386084087E+09
1.803465614989093E+09
1.803904771684057E+09
1.804343858390181E+09
1.804782874174740E+09
1.805221822376513E+09
1.805660705138626E+09
1.806099515721484E+09
1.806538258901746E+09
1.806976933262944E+09
1.807415536480221E+09
1.807854068913791E+09
1.808292527398423E+09
1.808730920259846E+09
1.809169246749282E+09
1.809607504665841E+09
1.810045697291540E+09
1.810483821031899E+09
1.810921878224488E+09
1.811359862897470E+09
1.811797772292588E+09
1.812235612942479E+09
1.812673382497983E+09
1.813111084039628E+09
1.813548716344373E+09
1.813986280221594E+09
1.814423780374632E+09
1.814861208745625E+09
1.815298566222052E+09
1.815735853731507E+09
1.816173071430565E+09
1.816610222738826E+09
1.817047301980851E+09
1.817484313825626E+09
1.817921259105397E+09
1.818358132554947E+09
1.818794935115973E+09
1.819231662760114E+09
1.819668321193954E+09
1.820104911500777E+09
1.820541430195029E+09
1.820977883590373E+09
1.821414270108517E+09
1.821850590839955E+09
1.822286841892398E+09
1.822723018006531E+09
1.823159125361469E+09
1.823595160260263E+09
1.824031123132918E+09
1.824467016078495E+09
1.824902839117296E+09
1.825338598029752E+09
1.825774286018244E+09
1.826209902466577E+09
1.826645450188023E+09
1.827080926404453E+09
1.827516334455036E+09
1.827951670334333E+09
1.828386937704301E+09
1.828822140480476E+09
1.829257271978032E+09
1.829692333217343E+09
1.830127320827864E+09
1.830562236791416E+09
1.830997082666472E+09
1.831431853261195E+09
1.831866556150479E+09
1.832301192528070E+09
1.832735762120360E+09
1.833170264490174E+09
1.833604694018253E+09
1.834039055732038E+09
1.834473345647214E+09
1.834907560724188E+09
1.835341704969699E+09
1.835775777525712E+09
1.836209784027672E+09
1.836643720291963E+09
1.837077584175158E+09
1.837511380536851E+09
1.837945104876179E+09
1.838378758718269E+09
1.838812339954504E+09
1.839245850700786E+09
1.839679297315887E+09
1.840112673199821E+09
1.840545979543653E+09
1.840979215476669E+09
1.841412379215585E+09
1.841845471941463E+09
1.842278487176098E+09
1.842711431106720E+09
1.843144307091540E+09
1.843577113421873E+09
1.844009853006649E+09
1.844442521750742E+09
1.844875123588313E+09
1.845307655946524E+09
1.845740112463642E+09
1.846172497636467E+09
1.846604810247144E+09
1.847037054016129E+09
1.847469227510290E+09
1.847901327736620E+09
1.848333361306026E+09
1.848765323328269E+09
1.849197212602331E+09
1.849629029156988E+09
1.850060772919378E+09
1.850492450833606E+09
1.850924057801384E+09
1.851355595011179E+09
1.851787065093525E+09
1.852218464053092E+09
1.852649792674092E+09
1.853081044169433E+09
1.853512221374654E+09
1.853943328852473E+09
1.854374362933005E+09
1.854805328061698E+09
1.855236223134500E+09
1.855667051185573E+09
1.856097811983919E+09
1.856528497373641E+09
1.856959111720907E+09
1.857389654030881E+09
1.857820124529577E+09
1.858250524218629E+09
1.858680850020372E+09
1.859111109062127E+09
1.859541297668039E+09
1.859971412161420E+09
1.860401454406539E+09
1.860831422135707E+09
1.861261320992504E+09
1.861691147770159E+09
1.862120902730935E+09
1.862550592188447E+09
1.862980212116219E+09
1.863409762837452E+09
1.863839239060055E+09
1.864268640274384E+09
1.864697971035612E+09
1.865127225288052E+09
1.865556406867388E+09
1.865985517960532E+09
1.866414560155355E+09
1.866843535690030E+09
1.867272436998621E+09
1.867701267787926E+09
1.868130028021001E+09
1.868558714272931E+09
1.868987328987528E+09
1.869415869355144E+09
1.869844341767406E+09
1.870272745108904E+09
1.870701073802900E+09
1.871129331152182E+09
1.871557514028500E+09
1.871985625081927E+09
1.872413662407369E+09
1.872841624644151E+09
1.873269520645212E+09
1.873697347566749E+09
1.874125105233053E+09
1.874552791971175E+09
1.874980405126562E+09
1.875407948415178E+09
1.875835414398660E+09
1.876262804454980E+09
1.876690122922809E+09
1.877117369429379E+09
1.877544547924341E+09
1.877971653037980E+09
1.878398687445495E+09
1.878825653161423E+09
1.879252543955557E+09
1.879679362188874E+09
1.880106105986900E+09
1.880532779905831E+09
1.880959385396213E+09
1.881385916024373E+09
1.881812376446911E+09
1.882238764327629E+09
1.882665078434891E+09
1.883091317875460E+09
1.883517479472517E+09
1.883943571986238E+09
1.884369594125357E+09
1.884795545062709E+09
1.885221427451415E+09
1.885647238218472E+09
1.886072980445859E+09
1.886498647200661E+09
1.886924236420393E+09
1.887349753433773E+09
1.887775195897495E+09
1.888200567402332E+09
1.888625865450249E+09
1.889051091789026E+09
1.889476250780061E+09
1.889901334698232E+09
1.890326344986351E+09
1.890751281475431E+09
1.891176145669653E+09
1.891600940663576E+09
1.892025660621256E+09
1.892450310875140E+09
1.892874891262278E+09
1.893299397464693E+09
1.893723829589225E+09
1.894148182959785E+09
1.894572463862317E+09
1.894996672354246E+09
1.895420805984332E+09
1.895844870738008E+09
1.896268865038236E+09
1.896692791449373E+09
1.897116645259122E+09
1.897540421858171E+09
1.897964126967066E+09
1.898387756505630E+09
1.898811311611680E+09
1.899234792814429E+09
1.899658200766069E+09
1.900081541264677E+09
1.900504807052218E+09
1.900927998382793E+09
1.901351117016522E+09
1.901774161116440E+09
1.902197134174734E+09
1.902620031647019E+09
1.903042858293189E+09
1.903465617218642E+09