-2.167633037046744E+08
-2.169101963086094E+08
-2.170369625648482E+08
-2.171435390506403E+08
-2.172298641227041E+08
-2.172958779434001E+08
-2.173415225067391E+08
-2.173667416642232E+08
-2.173714811507300E+08
-2.173556886105207E+08
-2.173193136232128E+08
-2.172623077295699E+08
-2.171846244572107E+08
-2.170862193463906E+08
-2.169670499757897E+08
-2.168270759880822E+08
-2.166662591152131E+08
-2.164845632035457E+08
-2.162819542390614E+08
-2.160584003725632E+08
-2.158138719446487E+08
-2.155483415103284E+08
-2.152617838634124E+08
-2.149541760608273E+08
-2.146254974467985E+08
-2.142757296767012E+08
-2.139048567405711E+08
-2.135128649864541E+08
-2.130997431436534E+08
-2.126654823456650E+08
-2.122100761526098E+08
-2.117335205732318E+08
-2.112358140866848E+08
-2.107169576641670E+08
-2.101769547902267E+08
-2.096158114835436E+08
-2.090335363172044E+08
-2.084301404386355E+08
-2.078056375892302E+08
-2.071600441235000E+08
-2.064933790276347E+08
-2.058056639375950E+08
-2.050969231569028E+08
-2.043671836740282E+08
-2.036164751791067E+08
-2.028448300799203E+08
-2.020522835173380E+08
-2.012388733803851E+08
-2.004046403208501E+08
-1.995496277672132E+08
-1.986738819378256E+08
-1.977774518534603E+08
-1.968603893493339E+08
-1.959227490865012E+08
-1.949645885624569E+08
-1.939859681209656E+08
-1.929869509613193E+08
-1.919676031470672E+08
-1.909279936139889E+08
-1.898681941771009E+08
-1.887882795367894E+08
-1.876883272843097E+08
-1.865684179066836E+08
-1.854286347908012E+08
-1.842690642265823E+08
-1.830897954092663E+08
-1.818909204409609E+08
-1.806725343314229E+08
-1.794347349979098E+08
-1.781776232640339E+08
-1.769013028577775E+08
-1.756058804088263E+08
-1.742914654451191E+08
-1.729581703883434E+08
-1.716061105483143E+08
-1.702354041164576E+08
-1.688461721585650E+08
-1.674385386067112E+08
-1.660126302501361E+08
-1.645685767250907E+08
-1.631065105037960E+08
-1.616265668825590E+08
-1.601288839689140E+08
-1.586136026676616E+08
-1.570808666658925E+08
-1.555308224172033E+08
-1.539636191251410E+08
-1.523794087256644E+08
-1.507783458684263E+08
-1.491605878969871E+08
-1.475262948282077E+08
-1.458756293308501E+08
-1.442087567031981E+08
-1.425258448496023E+08
-1.408270642560872E+08
-1.391125879651468E+08
-1.373825915496499E+08
-1.356372530856900E+08
-1.338767531243863E+08
-1.321012746628394E+08
-1.303110031143919E+08
-1.285061262780930E+08
-1.266868343071364E+08
-1.248533196762358E+08
-1.230057771481600E+08
-1.211444037395962E+08
-1.192693986862365E+08
-1.173809634069245E+08
-1.154793014669231E+08
-1.135646185404968E+08
-1.116371223728269E+08
-1.096970227410853E+08
-1.077445314145792E+08
-1.057798621141262E+08
-1.038032304708845E+08
-1.018148539846605E+08
-9.981495198150204E+07
-9.780374557043898E+07
-9.578145759949528E+07
-9.374831261120056E+07
-9.170453679763234E+07
-8.965035795482343E+07
-8.758600543649276E+07
-8.551171010728557E+07
-8.342770429566579E+07
-8.133422174634199E+07
-7.923149757204920E+07
-7.711976820475078E+07
-7.499927134651394E+07
-7.287024592020068E+07
-7.073293201985870E+07
-6.858757086063112E+07
-6.643440472819819E+07
-6.427367692795581E+07
-6.210563173406616E+07
-5.993051433828707E+07
-5.774857079845944E+07
-5.556004798675945E+07
-5.336519353793141E+07
-5.116425579750785E+07
-4.895748376980671E+07
-4.674512706562805E+07
-4.452743584986033E+07
-4.230466078923737E+07
-4.007705300023732E+07
-3.784486399693712E+07
-3.560834563874353E+07
-3.336775007814173E+07
-3.112332970863783E+07
-2.887533711289055E+07
-2.662402501089650E+07
-2.436964620822966E+07
-2.211245354454156E+07
-1.985269984245463E+07
-1.759063785670451E+07
-1.532652022333075E+07
-1.306059940899343E+07
-1.079312766069719E+07
-8.524356956043940E+06
-6.254538953869523E+06
-3.983924945107130E+06
-1.712765803937892E+06
5.586880605911037E+05
2.830186752423006E+06
5.101480935931549E+06
7.372321883024588E+06
9.642461519776432E+06
1.191165247238779E+07
1.417964811249592E+07
1.644620260206461E+07
1.871107093794832E+07
2.097400899591376E+07
2.323477357388330E+07
2.549312243444375E+07
2.774881434682088E+07
3.000160912836378E+07
3.225126768537864E+07
3.449755205320212E+07
3.674022543559276E+07
3.897905224356642E+07
4.121379813363123E+07
4.344423004521873E+07
4.567011623721744E+07
4.789122632378358E+07
5.010733130963561E+07
5.231820362477062E+07
5.452361715833804E+07
5.672334729157434E+07
5.891717092997231E+07
6.110486653483602E+07
6.328621415412865E+07
6.546099545245391E+07
6.762899374019805E+07
6.978999400199324E+07
7.194378292454560E+07
7.409014892366503E+07
7.622888217033111E+07
7.835977461586222E+07
8.048262001642640E+07
8.259721395698856E+07
8.470335387450808E+07
8.680083908018273E+07
8.888947078080669E+07
9.096905209945296E+07
9.303938809550077E+07
9.510028578383814E+07
9.715155415317734E+07
9.919300418364352E+07
1.012244488637753E+08
1.032457032068439E+08
1.052565842662875E+08
1.072569111502201E+08
1.092465050352136E+08
1.112251891795475E+08
1.131927889358713E+08
1.151491317630595E+08
1.170940472371967E+08
1.190273670618724E+08
1.209489250779192E+08
1.228585572724844E+08
1.247561017872842E+08
1.266413989261296E+08
1.285142911619379E+08
1.303746231432510E+08
1.322222417000562E+08
1.340569958487696E+08
1.358787367964943E+08
1.376873179447894E+08
1.394825948930128E+08
1.412644254410793E+08
1.430326695914861E+08
1.447871895506885E+08
1.465278497300143E+08
1.482545167461111E+08
1.499670594207521E+08
1.516653487799666E+08
1.533492580527080E+08
1.550186626692161E+08
1.566734402589429E+08
1.583134706478177E+08
1.599386358548504E+08
1.615488200882945E+08
1.631439097415275E+08
1.647237933885738E+08
1.662883617791007E+08
1.678375078328744E+08
1.693711266338400E+08
1.708891154239174E+08
1.723913735963832E+08
1.738778026887056E+08
1.753483063749498E+08
1.768027904579979E+08
1.782411628615972E+08
1.796633336219979E+08
1.810692148790435E+08
1.824587208668606E+08
1.838317679043740E+08
1.851882743856634E+08
1.865281607700043E+08
1.878513495715155E+08
1.891577653485184E+08
1.904473346927497E+08
1.917199862183776E+08
1.929756505506488E+08
1.942142603141592E+08
1.954357501209770E+08
1.966400565587805E+08
1.978271181788630E+08
1.989968754837642E+08
2.001492709145405E+08
2.012842488379080E+08
2.024017555333815E+08
2.035017391802941E+08
2.045841498445630E+08
2.056489394652541E+08
2.066960618410965E+08
2.077254726169735E+08
2.087371292702319E+08
2.097309910967010E+08
2.107070191965632E+08
2.116651764603134E+08
2.126054275548092E+08
2.135277389091736E+08
2.144320787004064E+08
2.153184168388638E+08
2.161867249538161E+08
2.170369763790548E+08
2.178691461383821E+08
2.186832109309568E+08
2.194791491166514E+08
2.202569407015095E+08
2.210165673231924E+08
2.217580122362454E+08
2.224812602972120E+08
2.231862979498238E+08
2.238731132104068E+08
2.245416956533590E+08
2.251920363964654E+08
2.258241280860650E+08
2.264379648822942E+08
2.270335424444992E+08
2.276108579166671E+08
2.281699099127611E+08
2.287106985020709E+08
2.292332251947398E+08
2.297374929274240E+08
2.302235060488893E+08
2.306912703054663E+08
2.311407928265263E+08
2.315720821101976E+08
2.319851480093066E+08
2.323800017173121E+08
2.327566557541202E+08
2.331151239519217E+08
2.334554214412354E+08
2.337775646370974E+08
2.340815712252196E+08
2.343674601481310E+08
2.346352515915017E+08
2.348849669707115E+08
2.351166289174898E+08
2.353302612664478E+08
2.355258890415747E+08
2.357035384429239E+08
2.358632368335916E+08
2.360050127268385E+08
2.361288957731627E+08
2.362349167473487E+08
2.363231075356854E+08
2.363935011234065E+08
2.364461315821903E+08
2.364810340576201E+08
2.364982447567576E+08
2.364978009360085E+08
2.364797408891945E+08
2.364441039355904E+08
2.363909304078724E+08
2.363202616401702E+08
2.362321399564095E+08
2.361266086588948E+08
2.360037120169355E+08
2.358634952554418E+08
2.357060045436239E+08
2.355312869839249E+08
2.353393906011016E+08
2.351303643312845E+08
2.349042580110633E+08
2.346611223668171E+08
2.344010090043539E+08
2.341239703986364E+08
2.338300598834060E+08
2.335193316408038E+08
2.331918406912236E+08
2.328476428834555E+08
2.324867948849559E+08
2.321093541721082E+08
2.317153790205336E+08
2.313049284956034E+08
2.308780624431506E+08
2.304348414802162E+08
2.299753269857599E+08
2.294995810915118E+08
2.290076666731478E+08
2.284996473416874E+08
2.279755874348503E+08
2.274355520083190E+08
2.272980546682516E+08