-6.801804551422262E+07
-6.765788029127146E+07
-6.709149048155918E+07
-6.631823977842905E+07
-6.533776245250046E+07
-6.414998692253137E+07
-6.275516451968537E+07
-6.115390395751408E+07
-5.934721209526394E+07
-5.733654165847868E+07
-5.512384665572437E+07
-5.271164629961210E+07
-5.010309829817917E+07
-4.730208242052338E+07
-4.431329524628911E+07
-4.114235696556351E+07
-3.779593098157308E+07
-3.428185685375027E+07
-3.060929676522214E+07
-2.678889515885085E+07
-2.283295040180920E+07
-1.875559624333227E+07
-1.457298935111829E+07
-1.030349727815809E+07
-5.967878768504366E+06
-1.589445340425896E+06
2.805810358210409E+06
7.189137677054747E+06
1.152902454903034E+07
1.579129265150516E+07
1.993931801476112E+07
2.393440327608288E+07
2.773632349322756E+07
3.130405843540997E+07
3.459670990380371E+07
3.757458313488319E+07
4.020038827952082E+07
4.244049444531049E+07
4.426614926100825E+07
4.565456626232038E+07
4.658978462732294E+07
4.706322259543339E+07
4.707387566281722E+07
4.662814845840846E+07
4.573934808057394E+07
4.442689950212029E+07
4.271536515470456E+07
4.063335876030184E+07
3.821243882571955E+07
3.548605320817392E+07
3.248858705499409E+07
2.925454626211716E+07
2.581789041940823E+07
2.221151476404192E+07
1.846687052679085E+07
1.461370697278863E+07
1.067991568242611E+07
6.691457301282717E+06
2.672352263126582E+06
-1.355280843389332E+06
-5.371153055585076E+06
-9.356710196421802E+06
-1.329502427262272E+07
-1.717067789477755E+07
-2.096964675952442E+07
-2.467918381699181E+07
-2.828770762629628E+07
-3.178469653734739E+07
-3.516058968541807E+07
-3.840669530511259E+07
-4.151510652638426E+07
-4.447862457650869E+07
-4.729068915328235E+07
-4.994531563607849E+07
-5.243703874696914E+07
-5.476086225174828E+07
-5.691221429113130E+07
-5.888690794876797E+07
-6.068110668992104E+07
-6.229129433909140E+07
-6.371424930394723E+07
-6.494702279491135E+07
-6.598692083356446E+07
-6.683148988799147E+07
-6.747850601904145E+07
-6.792596746815585E+07
-6.817209066510452E+07
-6.821530968295127E+07
-6.805427921824466E+07
-6.768788122724614E+07
-6.711523540443756E+07
-6.633571374804755E+07
-6.534895951928306E+07
-6.415491096759524E+07
-6.275383026367421E+07
-6.114633815463074E+07
-5.933345493115727E+07
-5.731664837279530E+07
-5.509788941216484E+07
-5.267971632808189E+07
-5.006530833487198E+07
-4.725856947219818E+07
-4.426422370415528E+07
-4.108792209146510E+07
-3.773636278376409E+07
-3.421742436044350E+07
-3.054031268997729E+07
-2.671572093115673E+07
-2.275600150704862E+07
-1.867534777662653E+07
-1.448998163721871E+07
-1.021834134275466E+07
-5.881261364052417E+06
-1.502133132499836E+06
2.892967946470325E+06
7.275207576886354E+06
1.161299183091091E+07
1.587206577070368E+07
2.001573831752137E+07
2.400525948539799E+07
2.780037168411428E+07
3.136004764563361E+07
3.464341300109018E+07
3.761083190448782E+07
4.022511098031364E+07
4.245275342657617E+07
4.426517578173123E+07
4.563978954833028E+07
4.656085252580959E+07
4.702001193692840E+07
4.701649150913668E+07
4.655691260942909E+07
4.565477831014655E+07
4.432968180305763E+07
4.260632168518241E+07
4.051341418929435E+07
3.808258744787713E+07
3.534732866160502E+07
3.234203585917654E+07
2.910120580513544E+07
2.565877153350049E+07
2.204758866713389E+07
1.829905967612819E+07
1.444287925696722E+07
1.050688134372359E+07
6.516968004098110E+06
2.497101783019238E+06
-1.530654760235542E+06
-5.546066033299329E+06
-9.530628066183126E+06
-1.346745963340973E+07
-1.734118656921547E+07
-2.113782426903659E+07
-2.484466196310794E+07
-2.845015123595187E+07
-3.194380040799772E+07
-3.531607574948448E+07
-3.855831002150775E+07
-4.166261849862015E+07
-4.462182239134441E+07
-4.742937943034808E+07
-5.007932127688774E+07
-5.256619737079635E+07
-5.488502480568904E+07
-5.703124382204732E+07
-5.900067852557327E+07
-6.078950246566884E+07
-6.239420874348105E+07
-6.381158435813029E+07
-6.503868854179449E+07
-6.607283487816103E+07
-6.691157704375204E+07
-6.755269805749321E+07
-6.799420297060433E+07
-6.823431497660890E+07
-6.827147497028647E+07
-6.810434463512585E+07
-6.773181319172825E+07
-6.715300799513082E+07
-6.636730922762366E+07
-6.537436899569590E+07
-6.417413520551034E+07
-6.276688066078666E+07
-6.115323789983374E+07
-5.933424036386259E+07
-5.731137056503615E+07
-5.508661599732549E+07
-5.266253360204031E+07
-5.004232365678911E+07
-4.722991399282511E+07
-4.423005544892614E+07
-4.104842942321236E+07
-3.769176826484988E+07
-3.416798902542043E+07
-3.048634072626270E+07
-2.665756474500141E+07
-2.269406712337366E+07
-1.861010048191706E+07
-1.442195172235929E+07
-1.014812973547697E+07
-5.809544857354498E+06
-1.429668816446889E+06
2.965339553454482E+06
7.346561317158492E+06
1.168231934425757E+07
1.593828038288032E+07
2.007768420373361E+07
2.406172585690277E+07
2.785011254154778E+07
3.140180728009596E+07
3.467595689591770E+07
3.763298202470943E+07
4.023578370663859E+07
4.245099771593606E+07
4.425020866533117E+07
4.561102595301702E+07
4.651792671565633E+07
4.696278861809392E+07
4.694506571472715E+07
4.647159868935849E+07
4.555608946801488E+07
4.421830245313063E+07
4.248307533448703E+07
4.037922956999049E+07
3.793846530670796E+07
3.519431107914932E+07
3.218117935331879E+07
2.893355887969344E+07
2.548535683555806E+07
2.186938954780431E+07
1.811701071105323E+07
1.425786015741182E+07
1.031971365051262E+07
6.328413977670038E+06
2.307864959797905E+06
-1.719927800530680E+06
-5.734783065764235E+06
-9.718248085134519E+06
-1.365348941647605E+07
-1.752517711693585E+07
-2.131936724839786E+07
-2.502338624554934E+07
-2.862571959080906E+07
-3.211590638983122E+07
-3.548444080096141E+07
-3.872268080131377E+07
-4.182276443527128E+07
-4.477753345791075E+07
-4.758046413132233E+07
-5.022560483619557E+07
-5.270752010883906E+07
-5.502124069301537E+07
-5.716221919753030E+07
-5.912629096764408E+07
-6.090963980610333E+07
-6.250876821435441E+07
-6.392047186378823E+07
-6.514181804899330E+07
-6.617012791887835E+07
-6.700296232655239E+07
-6.763811118474175E+07
-6.807358626026325E+07
-6.830761738882837E+07
-6.833865214052977E+07
-6.816535901715727E+07
-6.778663431545839E+07
-6.720161284607133E+07
-6.640968275656580E+07
-6.541050476920420E+07
-6.420403620991996E+07
-6.279056027460627E+07
-6.117072105176897E+07
-5.934556489605159E+07
-5.731658882346737E+07
-5.508579667368580E+07
-5.265576385326729E+07
-5.002971153014906E+07
-4.721159118508853E+07
-4.420618042772006E+07
-4.101919093628745E+07
-3.765738925800098E+07
-3.412873098108751E+07
-3.044250842107242E+07
-2.660951140403139E+07
-2.264219991976694E+07
-1.855488629043302E+07
-1.436392298223662E+07
-1.008789020957360E+07
-5.747774989701692E+06
-1.367130289567159E+06
3.027800573524738E+06
7.408012878472769E+06
1.174174508879656E+07
1.599458442712507E+07
2.012970035767311E+07
2.410823194310814E+07
2.788985036783390E+07
3.143350845040131E+07
3.469837410688297E+07
3.764492481844984E+07
4.023615690856408E+07
4.243884010195412E+07
4.422472892624165E+07
4.557163289944626E+07
4.646425098541941E+07
4.689469390717583E+07
4.686264864301611E+07
4.637517763663013E+07
4.544618384561383E+07
4.409560471575024E+07
4.234841847083433E+07
4.023355282914221E+07
3.778278059342883E+07
3.502967191078202E+07
3.200865364588305E+07
2.875420623145095E+07
2.530021047414051E+07
2.167944273458655E+07
1.792320715546672E+07
1.406108786671019E+07
1.012080160080491E+07
6.128131012526823E+06
2.106920379597459E+06
-1.920882420580015E+06
-5.935151211289055E+06
-9.917485097923670E+06
-1.385109898696276E+07
-1.772070765276940E+07
-2.151240824975238E+07
-2.521356477916299E+07
-2.881269692458908E+07
-3.229937482688404E+07
-3.566412073480695E+07
-3.889831800163336E+07
-4.199412756479163E+07
-4.494441181509051E+07
-4.774266560969090E+07
-5.038295408895005E+07
-5.285985690621094E+07
-5.516841845964833E+07
-5.730410371742125E+07
-5.926275924491138E+07
-6.104057907082656E+07
-6.263407506388788E+07
-6.404005153122021E+07
-6.525558379176266E+07
-6.627800052194526E+07
-6.710486971593510E+07
-6.773398814867438E+07
-6.816337427670206E+07
-6.839126455954389E+07
-6.841611323358102E+07
-6.823659562116547E+07
-6.785161511079584E+07
-6.726031399987130E+07
-6.646208845035496E+07
-6.545660786997011E+07
-6.424383909755727E+07
-6.282407584093187E+07
-6.119797388864036E+07
-5.936659269252793E+07
-5.733144399435091E+07
-5.509454824407110E+07
-5.265849962574536E+07
-5.002654056283248E+07
-4.720264660931208E+07