-1.357175556995868E+09
-1.356727039565497E+09
-1.356442299334232E+09
-1.356307176694286E+09
-1.356287776014346E+09
-1.356335939207853E+09
-1.356395068865920E+09
-1.356406248778078E+09
-1.356314960172933E+09
-1.356078566916568E+09
-1.355674072411446E+09
-1.355104547334367E+09
-1.354401641912441E+09
-1.353621762588651E+09
-1.352835565618677E+09
-1.352113554193851E+09
-1.351512490663342E+09
-1.351066509177343E+09
-1.350784126671307E+09
-1.350649976993243E+09
-1.350629238168346E+09
-1.350673137779690E+09
-1.350724790378634E+09
-1.350725340844888E+09
-1.350620721833472E+09
-1.350369173355147E+09
-1.349948978379277E+09
-1.349364749590648E+09
-1.348649647809073E+09
-1.347861178685143E+09
-1.347070375520897E+09
-1.346347314653038E+09
-1.345747702742128E+09
-1.345304304096396E+09
-1.345024254393817E+09
-1.344890994681739E+09
-1.344868792726715E+09
-1.344908279510173E+09
-1.344952299511055E+09
-1.344942079635726E+09
-1.344824026536807E+09
-1.344557279842415E+09
-1.344121421203251E+09
-1.343522611350706E+09
-1.342795509421696E+09
-1.341998686975361E+09
-1.341203511067944E+09
-1.340479591083056E+09
-1.339881552029772E+09
-1.339440780739759E+09
-1.339163037220165E+09
-1.339030583539984E+09
-1.339006793940208E+09
-1.339041720155185E+09
-1.339077955201937E+09
-1.339056827749797E+09
-1.338925241263952E+09
-1.338643258210375E+09
-1.338191778118133E+09
-1.337578516528433E+09
-1.336839616610653E+09
-1.336034682351726E+09
-1.335235369246413E+09
-1.334510779632681E+09
-1.333914432251923E+09
-1.333476329419595E+09
-1.333200862918809E+09
-1.333069129389361E+09
-1.333043626496476E+09
-1.333073844091312E+09
-1.333102142449241E+09
-1.333069972775728E+09
-1.332924757651664E+09
-1.332627505600762E+09
-1.332160451737267E+09
-1.331532871767602E+09
-1.330782378474174E+09
-1.329969573628102E+09
-1.329166357461093E+09
-1.328441285070011E+09
-1.327846744938343E+09
-1.327411348848495E+09
-1.327138127250461E+09
-1.327007026222784E+09
-1.326979683129016E+09
-1.327005044013984E+09
-1.327025254610246E+09
-1.326981909189619E+09
-1.326822972466422E+09
-1.326510421968419E+09
-1.326027846982279E+09
-1.325386086759348E+09
-1.324624207811406E+09
-1.323803774026066E+09
-1.322996885803953E+09
-1.322271512713740E+09
-1.321678889791356E+09
-1.321246233168064E+09
-1.320975219706069E+09
-1.320844659102579E+09
-1.320815345768329E+09
-1.320835699455123E+09
-1.320847670588558E+09
-1.320793016933682E+09
-1.320620268091138E+09
-1.320292393506176E+09
-1.319794353365638E+09
-1.319138554565769E+09
-1.318365499746031E+09
-1.317537679116769E+09
-1.316727348260277E+09
-1.316001852606700E+09
-1.315411252476919E+09
-1.314981363890637E+09
-1.314712518812009E+09
-1.314582404875537E+09
-1.314550990234767E+09
-1.314566186110931E+09
-1.314569766229077E+09
-1.314503673167543E+09
-1.314317024460797E+09
-1.313973804582395E+09
-1.313460361306028E+09
-1.312790670774237E+09
-1.312006653780934E+09
-1.311171689375705E+09
-1.310358144235228E+09
-1.309632702333645E+09
-1.309044227844690E+09
-1.308617133753410E+09
-1.308350415262576E+09
-1.308220653478924E+09
-1.308187007160108E+09
-1.308196896800255E+09
-1.308191938203476E+09
-1.308114279128634E+09
-1.307913648485535E+09
-1.307555068147939E+09
-1.307026290223127E+09
-1.306342861348698E+09
-1.305548100773844E+09
-1.304706238690219E+09
-1.303889707535279E+09
-1.303164493264477E+09
-1.302578244457741E+09
-1.302153968262927E+09
-1.301889332820195E+09
-1.301759826985207E+09
-1.301723817607541E+09
-1.301728252082269E+09
-1.301714607457680E+09
-1.301625258045847E+09
-1.301410566862502E+09
-1.301036616199825E+09
-1.300492577139508E+09
-1.299795567682561E+09
-1.298990284964120E+09
-1.298141771730506E+09
-1.297322481814420E+09
-1.296597666342960E+09
-1.296013739664985E+09
-1.295592301303470E+09
-1.295329702125145E+09
-1.295200354416739E+09
-1.295161849971960E+09
-1.295160681036214E+09
-1.295138204469526E+09
-1.295037042373062E+09
-1.294808215347007E+09
-1.294418888243326E+09
-1.293859666492989E+09
-1.293149237859077E+09
-1.292333655919731E+09
-1.291478736602293E+09
-1.290656910745935E+09
-1.289932660223476E+09
-1.289351146714622E+09
-1.288932561290353E+09
-1.288671947096749E+09
-1.288542655374178E+09
-1.288501520453963E+09
-1.288494597337952E+09
-1.288463142252625E+09
-1.288350046002440E+09
-1.288107010105281E+09
-1.287702303780074E+09
-1.287127981055708E+09
-1.286404298241178E+09
-1.285578642322855E+09
-1.284717562592313E+09
-1.283893422167171E+09
-1.283169898708971E+09
-1.282590885209748E+09
-1.282175163737702E+09
-1.281916480875024E+09
-1.281787141992874E+09
-1.281743240981415E+09
-1.281730413517321E+09
-1.281689834189324E+09
-1.281564684750371E+09
-1.281307370686209E+09
-1.280887287882117E+09
-1.280297952050384E+09
-1.279561184868622E+09
-1.278725683080256E+09
-1.277858688481238E+09
-1.277032453069069E+09
-1.276309816712070E+09
-1.275733387497564E+09
-1.275320539018961E+09
-1.275063731746503E+09
-1.274934241662051E+09
-1.274887439484790E+09
-1.274868559532295E+09
-1.274818713965440E+09
-1.274681396628393E+09
-1.274409740907352E+09
-1.273974290531504E+09
-1.273370036511015E+09
-1.272620361658541E+09
-1.271775246923975E+09
-1.270902585422251E+09
-1.270074473368551E+09
-1.269352881057420E+09
-1.268779116927956E+09
-1.268369147620847E+09
-1.268114158927132E+09
-1.267984412798860E+09
-1.267934574212424E+09
-1.267909493759512E+09
-1.267850241081676E+09
-1.267700643950856E+09
-1.267414586820426E+09
-1.266963782684391E+09
-1.266344709599896E+09
-1.265582307186114E+09
-1.264727814418015E+09
-1.263849733937721E+09
-1.263019962815957E+09
-1.262299568961195E+09
-1.261728547589906E+09
-1.261321459988868E+09
-1.261068229385670E+09
-1.260938120277783E+09
-1.260885108983666E+09
-1.260853680641176E+09
-1.260784881269318E+09
-1.260622894761168E+09
-1.260322379876892E+09
-1.259856240016036E+09
-1.259222451937508E+09
-1.258447505145630E+09
-1.257583869697285E+09
-1.256700615488521E+09
-1.255869397562179E+09
-1.255150351206031E+09
-1.254582144889733E+09
-1.254177937249398E+09
-1.253926400552575E+09
-1.253795818035093E+09
-1.253739495103941E+09
-1.253701569514868E+09
-1.253623083924004E+09
-1.253448599768445E+09
-1.253133573605897E+09
-1.252652119643394E+09
-1.252003724226181E+09
-1.251216420210604E+09
-1.250343879853238E+09
-1.249455697962555E+09
-1.248623243828065E+09
-1.247905689981307E+09
-1.247340366543333E+09
-1.246939032716432E+09
-1.246689122978477E+09
-1.246557955247298E+09
-1.246498181395391E+09
-1.246453609838510E+09
-1.246365299672568E+09
-1.246178212606383E+09
-1.245848626077744E+09
-1.245351885748245E+09
-1.244688996918818E+09
-1.243889526836336E+09
-1.243008320877053E+09
-1.242115455498699E+09
-1.241281973033944E+09
-1.240566053966822E+09
-1.240003678948380E+09
-1.239605211648850E+09
-1.239356861070774E+09
-1.239224996719121E+09
-1.239161633903064E+09
-1.239110270273553E+09
-1.239012000931313E+09
-1.238812209976890E+09
-1.238468019368314E+09
-1.237956026273426E+09
-1.237278764942923E+09
-1.236467326815068E+09
-1.235577699615984E+09
-1.234680397711345E+09
-1.233846093836353E+09
-1.233131948919430E+09
-1.232572584146935E+09
-1.232176972654036E+09
-1.231930111407174E+09
-1.231797437484414E+09
-1.231730347382402E+09
-1.231672045896108E+09
-1.231563684674184E+09
-1.231351092274090E+09
-1.230992258231408E+09
-1.230465050900214E+09
-1.229773541238591E+09
-1.228950335065359E+09
-1.228052530974069E+09
-1.227151038026948E+09
-1.226316117802881E+09
-1.225603883746799E+09
-1.225047588484348E+09
-1.224654819525848E+09
-1.224409375458033E+09
-1.224275777703105E+09
-1.224204821342551E+09
-1.224139436919298E+09
-1.224020852340603E+09
-1.223795363351826E+09
-1.223421850340751E+09
-1.222879472305790E+09
-1.222173844527968E+09
-1.221339074261948E+09
-1.220433338977855E+09
-1.219527897999525E+09
-1.218692561242689E+09
-1.217982368728809E+09
-1.217429195795506E+09
-1.217039250746513E+09
-1.216795146986883E+09
-1.216660507449935E+09
-1.216585543395122E+09
-1.216512929760556E+09
-1.216383991177534E+09
-1.216145512489127E+09
-1.215757288187335E+09
-1.215199786292643E+09
-1.214480173215048E+09
-1.213634044972746E+09
-1.212720624446253E+09
-1.211811477504266E+09
-1.210975921289852E+09
-1.210267897149942E+09
-1.209717896254172E+09
-1.209330753831610E+09
-1.209087912490099E+09
-1.208952112551311E+09
-1.208872999384612E+09
-1.208793010677383E+09
-1.208653588440347E+09
-1.208402029822942E+09
-1.207999066403006E+09
-1.207426494309269E+09
-1.206693035529605E+09
-1.205835760460650E+09
-1.204914902973843E+09
-1.204002291074617E+09
-1.203783756925206E+09