-9.093501655486243E+08
-9.088874998528098E+08
-9.084248748133607E+08
-9.079622962037163E+08
-9.074997111828325E+08
-9.070370631299405E+08
-9.065743504686624E+08
-9.061116282945404E+08
-9.056489512059938E+08
-9.051863165791479E+08
-9.047236673300400E+08
-9.042609511501715E+08
-9.037981748354547E+08
-9.033353972205794E+08
-9.028726681346978E+08
-9.024099766478953E+08
-9.019472624503071E+08
-9.014844784632399E+08
-9.010216397287822E+08
-9.005588077782173E+08
-9.000960267622634E+08
-8.996332776006838E+08
-8.991704978041402E+08
-8.987076463599541E+08
-8.982447463307774E+08
-8.977818609235163E+08
-8.973190278616910E+08
-8.968562202324977E+08
-8.963933744207796E+08
-8.959304561579200E+08
-8.954674960943524E+08
-8.950045580022898E+08
-8.945416725488321E+08
-8.940788054897563E+08
-8.936158932214247E+08
-8.931529088408952E+08
-8.926898900521500E+08
-8.922269000560435E+08
-8.917639618959706E+08
-8.913010345599809E+08
-8.908380555444211E+08
-8.903750057820832E+08
-8.899119294169146E+08
-8.894488880236148E+08
-8.889858966507031E+08
-8.885229082331711E+08
-8.880598624237623E+08
-8.875967482773486E+08
-8.871336155822148E+08
-8.866705232059672E+08
-8.862074779540874E+08
-8.857444275454888E+08
-8.852813148748547E+08
-8.848181373391870E+08
-8.843549495207393E+08
-8.838918065438116E+08
-8.834287068120137E+08
-8.829655936904867E+08
-8.825024142873337E+08
-8.820391743914998E+08
-8.815759324673710E+08
-8.811127389759285E+08
-8.806495839775162E+08
-8.801864074747919E+08
-8.797231616949502E+08
-8.792598606873927E+08
-8.787965657413719E+08
-8.783333217530131E+08
-8.778701106160160E+08
-8.774068700318339E+08
-8.769435582149484E+08
-8.764801972676016E+08
-8.760168502553748E+08
-8.755535557210003E+08
-8.750902876770480E+08
-8.746269825672681E+08
-8.741636052784207E+08
-8.737001855774611E+08
-8.732367872416487E+08
-8.727734418286569E+08
-8.723101159563344E+08
-8.718467459347193E+08
-8.713833039197224E+08
-8.709198267973405E+08
-8.704563779165916E+08
-8.699929812793744E+08
-8.695295966656919E+08
-8.690661613696969E+08
-8.686026553402236E+08
-8.681391219818869E+08
-8.676756231410263E+08
-8.672121748536059E+08
-8.667487307264098E+08
-8.662852300803918E+08
-8.658216609719492E+08
-8.653580725688750E+08
-8.648945241473825E+08
-8.644310235307201E+08
-8.639675189997735E+08
-8.635039529793993E+08
-8.630403218420600E+08
-8.625766796531003E+08
-8.621130820506104E+08
-8.616495284677894E+08
-8.611859627361722E+08
-8.607223313983209E+08
-8.602586392309654E+08
-8.597949442971298E+08
-8.593312976691144E+08
-8.588676904071236E+08
-8.584040628465822E+08
-8.579403665416737E+08
-8.574766145503981E+08
-8.570128679003645E+08
-8.565491722173512E+08
-8.560855103781939E+08
-8.556218202925036E+08
-8.551580593923204E+08
-8.546942488077869E+08
-8.542304514602317E+08
-8.537667067076731E+08
-8.533029895024263E+08
-8.528392363735676E+08
-8.523754113606383E+08
-8.519115433260239E+08
-8.514476960395613E+08
-8.509839019483024E+08
-8.505201285240593E+08
-8.500563120060959E+08
-8.495924236302683E+08
-8.491284994589047E+08
-8.486646029769897E+08
-8.482007591484373E+08
-8.477369285428683E+08
-8.472730482528808E+08
-8.468090972485766E+08
-8.463451181942623E+08
-8.458811731822445E+08
-8.454172792322667E+08
-8.449533906504189E+08
-8.444894464466228E+08
-8.440254336785555E+08
-8.435614008840296E+08
-8.430974077214531E+08
-8.426334630142787E+08
-8.421695156205047E+08
-8.417055075266441E+08
-8.412414340763204E+08
-8.407773488005854E+08
-8.403133078508375E+08
-8.398493116935380E+08
-8.393853046367394E+08
-8.389212326713463E+08
-8.384570995482440E+08
-8.379929628987832E+08
-8.375288743991758E+08
-8.370648261308557E+08
-8.366007587802684E+08
-8.361366232372417E+08
-8.356724315693790E+08
-8.352082445237200E+08
-8.347441084426376E+08
-8.342800071882588E+08
-8.338158788851249E+08
-8.333516801856148E+08
-8.328874312480619E+08
-8.324231948476133E+08
-8.319590111569240E+08
-8.314948560703565E+08
-8.310306662158695E+08
-8.305664047884045E+08
-8.301020997378110E+08
-8.296378148051840E+08
-8.291735833134665E+08
-8.287093735964456E+08
-8.282451218481259E+08
-8.277807984023104E+08
-8.273164384952728E+08
-8.268521057248176E+08
-8.263878260030484E+08
-8.259235606897126E+08
-8.254592466969864E+08
-8.249948620219824E+08
-8.245304485702586E+08
-8.240660686664829E+08
-8.236017403230219E+08
-8.231374185629492E+08
-8.226730421043698E+08
-8.222085970051950E+08
-8.217441311462570E+08
-8.212797045381043E+08
-8.208153270145330E+08
-8.203509480328847E+08
-8.198865091482115E+08
-8.194220046818206E+08
-8.189574876266893E+08
-8.184930146311257E+08
-8.180285871953869E+08
-8.175641501179373E+08
-8.170996488367448E+08
-8.166350860616952E+08
-8.161705189904969E+08
-8.157059999048506E+08
-8.152415219032851E+08
-8.147770260436525E+08
-8.143124625708308E+08
-8.138478425537426E+08
-8.133832264364641E+08
-8.129186612661538E+08
-8.124541318852953E+08
-8.119895766387330E+08
-8.115249514232143E+08
-8.110602754412878E+08
-8.105956112968159E+08
-8.101309999651585E+08
-8.096664182939923E+08
-8.092018030208530E+08
-8.087371164963887E+08
-8.082723857535578E+08
-8.078076744824498E+08
-8.073430168646189E+08
-8.068783821180561E+08
-8.064137064317813E+08
-8.059489592359166E+08
-8.054841749247187E+08
-8.050194171901727E+08
-8.045547128781635E+08
-8.040900241452441E+08
-8.036252877451847E+08
-8.031604807062232E+08
-8.026956441602544E+08
-8.022308406572288E+08
-8.017660892155247E+08
-8.013013455819354E+08
-8.008365481885154E+08
-8.003716820890263E+08
-7.999067944883324E+08
-7.994419457357433E+08
-7.989771466779740E+08
-7.985123473891194E+08
-7.980474890082265E+08
-7.975825648397579E+08
-7.971176273353748E+08
-7.966527336210784E+08
-7.961878862175331E+08
-7.957230304201827E+08
-7.952581111237000E+08
-7.947931300058761E+08
-7.943281438226477E+08
-7.938632054500622E+08
-7.933983090054902E+08
-7.929333959369919E+08
-7.924684158597336E+08
-7.920033788364251E+08
-7.915383449827329E+08
-7.910733620295556E+08
-7.906084157981642E+08
-7.901434448897637E+08
-7.896784044662825E+08
-7.892133127660010E+08
-7.887482322046392E+08
-7.882832045498402E+08
-7.878182076017978E+08
-7.873531782229133E+08
-7.868880779269376E+08
-7.864229328145874E+08
-7.859578065033046E+08
-7.854927340475770E+08
-7.850276855672810E+08
-7.845625972557039E+08
-7.840974376448865E+08
-7.836322402750680E+08
-7.831670689059533E+08
-7.827019513092387E+08
-7.822368504520746E+08
-7.817717029438620E+08
-7.813064848451109E+08
-7.808412365234828E+08
-7.803760207497137E+08
-7.799108575294524E+08
-7.794457033373041E+08
-7.789804963337573E+08
-7.785152205644703E+08
-7.780499225444922E+08
-7.775846629577096E+08
-7.771194536616728E+08
-7.766542453525007E+08
-7.761889787849364E+08
-7.757236462614312E+08
-7.752582996596736E+08
-7.747929965589752E+08
-7.743277404978768E+08
-7.738624772780862E+08
-7.733971512681661E+08
-7.729317631297599E+08
-7.724663691632385E+08
-7.720010228167385E+08
-7.715357192359543E+08
-7.710704002840564E+08
-7.706050149431354E+08
-7.701395722580074E+08
-7.696741319969035E+08
-7.692087425635082E+08
-7.687433907680938E+08
-7.682780154983786E+08
-7.678125711955454E+08
-7.673470751202116E+08
-7.668815894820710E+08
-7.664161568369758E+08
-7.659507559315945E+08
-7.654853237608658E+08
-7.650198210103251E+08
-7.645542728485079E+08
-7.640887428130540E+08
-7.636232668331521E+08
-7.631578159378223E+08
-7.626923263296034E+08
-7.622267656456623E+08
-7.617611665671412E+08
-7.612955928987237E+08
-7.608300733275776E+08
-7.603645716399553E+08
-7.598990243226764E+08
-7.594334064898103E+08
-7.589677577409735E+08
-7.585021410444275E+08
-7.580365773764802E+08
-7.575710239451201E+08
-7.571054186530268E+08
-7.566397445447977E+08
-7.561740474387507E+08
-7.557083883346466E+08
-7.552427800999839E+08
-7.547771740830393E+08
-7.543115106691928E+08
-7.538457811501019E+08
-7.533800368066914E+08
-7.529143356523331E+08
-7.524486822388968E+08
-7.519830228969061E+08
-7.515173014929678E+08
-7.510515176700720E+08
-7.505857272556894E+08
-7.501199842712619E+08
-7.496542848894930E+08
-7.491885713890860E+08
-7.487227921222790E+08
-7.482569551156914E+08
-7.477911197738539E+08
-7.473253351698165E+08
-7.468595891210300E+08
-7.463938208138896E+08
-7.459279839682064E+08
-7.454620948752120E+08
-7.449962155224903E+08
-7.445303892259901E+08
-7.440645956771128E+08
-7.435987720262961E+08
-7.431328781412857E+08
-7.426669382612078E+08
-7.422010158456408E+08
-7.417351476822004E+08
-7.412693056982044E+08
-7.408034261293117E+08
-7.403374757271820E+08
-7.398714862924082E+08