5.350355062360455E+07
5.082756749251289E+07
4.811194165697831E+07
4.535884457491621E+07
4.257047715735499E+07
3.974906789162578E+07
3.689687094312657E+07
3.401616423765676E+07
3.110924752633180E+07
2.817844043509391E+07
2.522608050084060E+07
2.225452119619555E+07
1.926612994494469E+07
1.626328613015605E+07
1.324837909699353E+07
1.022380615222485E+07
7.191970562409792E+06
4.155279552738633E+06
1.116142308470912E+06
-1.923032019097567E+06
-4.959836300237292E+06
-7.991867406081482E+06
-1.101672817776648E+07
-1.403202938361222E+07
-1.703539166255386E+07
-2.002444745208627E+07
-2.299684289901818E+07
-2.595023975137072E+07
-2.888231722979842E+07
-3.179077387695459E+07
-3.467332938326780E+07
-3.752772638764261E+07
-4.035173225164468E+07
-4.314314080577897E+07
-4.589977406651887E+07
-4.861948392279497E+07
-5.130015379070357E+07
-5.393970023524477E+07
-5.653607455794820E+07
-5.908726434930981E+07
-6.159129500499721E+07
-6.404623120484605E+07
-6.645017835371812E+07
-6.880128398334324E+07
-7.109773911431941E+07
-7.333777957749696E+07
-7.551968729402378E+07
-7.764179151337901E+07
-7.970247000877219E+07
-8.170015022933488E+07
-8.363331040857916E+07
-8.550048062864718E+07
-8.730024383992183E+07
-8.903123683561516E+07
-9.069215118099467E+07
-9.228173409695610E+07
-9.379878929768974E+07
-9.524217778223214E+07
-9.661081857973360E+07
-9.790368944831195E+07
-9.911982752740067E+07
-1.002583299435345E+08
-1.013183543695515E+08
-1.022991195372212E+08
-1.031999057033424E+08
-1.040200550693813E+08
-1.047589721547514E+08
-1.054161241238616E+08
-1.059910410670852E+08
-1.064833162358271E+08
-1.068926062318926E+08
-1.072186311513792E+08
-1.074611746833384E+08
-1.076200841634765E+08
-1.076952705831811E+08
-1.076867085541813E+08
-1.075944362291687E+08
-1.074185551787227E+08
-1.071592302249025E+08
-1.068166892318817E+08
-1.063912228540191E+08
-1.058831842417695E+08
-1.052929887058554E+08
-1.046211133401294E+08
-1.038680966035694E+08
-1.030345378618588E+08
-1.021210968890153E+08
-1.011284933295361E+08
-1.000575061215427E+08
-9.890897288141024E+07
-9.768378925037698E+07
-9.638290820363609E+07
-9.500733932241794E+07
-9.355814802957863E+07
-9.203645478921539E+07
-9.044343427083610E+07
-8.878031447861470E+07
-8.704837584627007E+07
-8.524895029811051E+07
-8.338342027679020E+07
-8.145321773832864E+07
-7.945982311494857E+07
-7.740476424630043E+07
-7.528961527962995E+07
-7.311599553948009E+07
-7.088556836750743E+07
-6.860003993300848E+07
-6.626115801476468E+07
-6.387071075482307E+07
-6.143052538483943E+07
-5.894246692561917E+07
-5.640843686050110E+07
-5.383037178323844E+07
-5.121024202104156E+07
-4.855005023345684E+07
-4.585182998776612E+07
-4.311764431160199E+07
-4.034958422349010E+07
-3.754976724204621E+07
-3.472033587455536E+07
-3.186345608569384E+07
-2.898131574715862E+07
-2.607612306898940E+07
-2.315010501338397E+07
-2.020550569182559E+07
-1.724458474635858E+07
-1.426961571586715E+07
-1.128288438823107E+07
-8.286687139251339E+06
-5.283329259258910E+06
-2.275123268339304E+06
7.356127788726999E+05
3.746556997853445E+06
6.755385387309561E+06
9.759773549740324E+06
1.275739841839918E+07
1.574593998959791E+07
1.872308305926808E+07
2.168651896267354E+07
2.463394731614742E+07
2.756307775970410E+07
3.047163169935459E+07
3.335734404793251E+07
3.621796496321605E+07
3.905126158211088E+07
4.185501974963818E+07
4.462704574145244E+07
4.736516797859325E+07
5.006723873315709E+07
5.273113582355694E+07
5.535476429802459E+07
5.793605810498285E+07
6.047298174891513E+07
6.296353193033485E+07
6.540573916844760E+07
6.779766940508837E+07
7.013742558850540E+07
7.242314923555396E+07
7.465302197085531E+07
7.682526704147181E+07
7.893815080564506E+07
8.098998419414242E+07
8.297912414275700E+07
8.490397499450871E+07
8.676298987009670E+07
8.855467200516135E+07
9.027757605292417E+07
9.193030935077745E+07
9.351153314941753E+07
9.501996380312471E+07
9.645437391981305E+07
9.781359346949258E+07
9.909651084981006E+07
1.003020739073581E+08
1.014292909134719E+08
1.024772314932623E+08
1.034450275066654E+08
1.043318738803279E+08
1.051370293891804E+08
1.058598173865971E+08
1.064996264820769E+08
1.070559111654339E+08
1.075281923765236E+08
1.079160580195954E+08
1.082191634213985E+08
1.084372317322352E+08
1.085700542692099E+08
1.086174908009796E+08
1.085794697733749E+08
1.084559884753228E+08
1.082471131445701E+08
1.079529790127723E+08
1.075737902895801E+08
1.071098200854292E+08
1.065614102728068E+08
1.059289712858453E+08
1.052129818581668E+08
1.044139886989752E+08
1.035326061074644E+08
1.025695155257072E+08
1.015254650302372E+08
1.004012687626366E+08
9.919780629951134E+07
9.791602196231467E+07
9.655692406755434E+07
9.512158411800012E+07
9.361113593558250E+07
9.202677473675048E+07
9.036975615113039E+07
8.864139518440212E+07
8.684306512638143E+07
8.497619640536955E+07
8.304227538990194E+07
8.104284313909455E+07
7.897949410284442E+07
7.685387477323291E+07
7.466768228850412E+07
7.242266299107803E+07
7.012061094110870E+07
6.776336638715036E+07
6.535281419554672E+07
6.289088224021101E+07
6.037953975451083E+07
5.782079564701708E+07
5.521669678291753E+07
5.256932623293429E+07
4.988080149161957E+07
4.715327266693668E+07
4.438892064306235E+07
4.158995521836330E+07
3.875861322051587E+07
3.589715660075702E+07
3.300787050926274E+07
3.009306135365976E+07
2.715505484268019E+07
2.419619401698393E+07
2.121883726917911E+07
1.822535635507130E+07
1.521813439816959E+07
1.219956388947040E+07
9.172044684528576E+06
6.137981999810329E+06
3.099784410303130E+06
5.986185033456283E+04
-2.979376380475391E+06
-6.015523604225202E+06
-9.046177742820179E+06
-1.206894328532375E+07
-1.508143324273870E+07
-1.808127108845576E+07
-2.106609268263330E+07
-2.403354817881045E+07
-2.698130391109802E+07
-2.990704426033448E+07
-3.280847349763898E+07
-3.568331760383873E+07
-3.852932606329495E+07
-4.134427363069974E+07
-4.412596206946540E+07
-4.687222186037835E+07
-4.958091387924134E+07
-5.224993104227781E+07
-5.487719991811980E+07
-5.746068230526821E+07
-5.999837677394691E+07
-6.248832017133855E+07
-6.492858908923912E+07
-6.731730129321960E+07
-6.965261711243625E+07
-7.193274078928359E+07
-7.415592178813516E+07
-7.632045606246951E+07
-7.842468727972777E+07
-8.046700800330023E+07
-8.244586083108789E+07
-8.435973949013360E+07
-8.620718988686547E+07
-8.798681111254025E+07
-8.969725640351856E+07
-9.133723405605403E+07
-9.290550829531431E+07
-9.440090009839819E+07
-9.582228797115308E+07
-9.716860867863624E+07
-9.843885792910171E+07
-9.963209101143204E+07
-1.007474233859692E+08
-1.017840312287343E+08
-1.027411519290576E+08
-1.036180845406736E+08
-1.044141901863645E+08
-1.051288924162675E+08
-1.057616775199845E+08
-1.063120947926653E+08
-1.067797567552552E+08
-1.071643393291246E+08
-1.074655819653222E+08
-1.076832877287109E+08
-1.078173233372711E+08
-1.078676191568706E+08
-1.078341691518215E+08
-1.077170307915612E+08
-1.075163249138100E+08
-1.072322355445729E+08
-1.068650096753684E+08
-1.064149569980801E+08
-1.058824495978387E+08
-1.052679216043555E+08
-1.045718688021369E+08
-1.037948482000226E+08
-1.029374775604997E+08
-1.020004348892492E+08
-1.009844578853977E+08
-9.989034335295048E+07
-9.871894657388856E+07
-9.747118064342432E+07
-9.614801576791309E+07
-9.475047852592696E+07
-9.327965109300299E+07
-9.173667043058383E+07
-9.012272743967575E+07
-8.843906607975486E+07
-8.668698245345847E+07
-8.486782385760441E+07
-8.298298780108738E+07
-8.103392099020781E+07
-7.902211828199720E+07
-7.694912160610466E+07
-7.481651885582413E+07
-7.262594274884325E+07
-7.037906965830430E+07
-6.807761841477576E+07
-6.572334907974071E+07
-6.331806169121732E+07
-6.086359498213534E+07
-5.836182507210249E+07
-5.581466413320430E+07
-5.322405903049201E+07
-5.059198993782365E+07
-4.792046892973558E+07
-4.521153855003324E+07
-4.246727035780358E+07
-3.968976345156423E+07
-3.688114297227900E+07
-3.404355858598287E+07
-3.117918294677561E+07
-2.829021014095895E+07
-2.537885411310777E+07
-2.244734707488297E+07
-1.949793789741132E+07
-1.653289048807501E+07
-1.355448215257277E+07
-1.056500194313267E+07
-7.566748993776649E+06
-4.562030843556320E+06
-1.553161748700254E+06
1.457539015366468E+06
4.467748861148538E+06
7.475143604351678E+06
1.047739918626963E+07
1.347219340224569E+07
1.645720763513834E+07
1.943012859270052E+07
2.238865004776106E+07
2.533047458007433E+07
2.825331531868221E+07