6.125612956428791E+00
4.237986377019887E+00
2.381418888250526E+00
8.128820702135365E-01
-2.697723719707896E-01
-7.347685323903016E-01
-5.190352958780685E-01
3.668638012552670E-01
1.830084185030253E+00
3.687659237971566E+00
5.670277857468051E+00
7.451397445164999E+00
8.708643153427746E+00
9.204898676514762E+00
8.855365732354370E+00
7.746621631794482E+00
6.100505233074767E+00
4.207107838745787E+00
2.360065970437232E+00
8.135040991925755E-01
-2.382311546256735E-01
-6.670566248853563E-01
-4.137762599824745E-01
5.067936580437272E-01
1.997036989229068E+00
3.869027502247976E+00
5.849313098167154E+00
7.609734380979241E+00
8.830443419836076E+00
9.281192382936004E+00
8.886557884147564E+00
7.741824409001893E+00
6.074403250029746E+00
4.176124598442903E+00
2.339366429750960E+00
8.153634558359113E-01
-2.050693519437211E-01
-5.975436239977088E-01
-3.067585957859299E-01
6.481833225569701E-01
2.164882620913682E+00
4.050458788789328E+00
6.027421399849936E+00
7.766181447477063E+00
8.949659264457926E+00
9.354682827804353E+00
8.915229191661409E+00
7.735192444020025E+00
6.047342902618399E+00
4.145057857757125E+00
2.319339553769428E+00
8.184601439611429E-01
-1.702958831155583E-01
-5.262585518919922E-01
-1.980238616260777E-01
7.909876245117510E-01
2.333566918643217E+00
4.231897141267295E+00
6.204529648753920E+00
7.920663065464940E+00
9.066225789221845E+00
9.425323678558078E+00
8.941376630858832E+00
7.726746434603784E+00
6.019360300511118E+00
4.113944882362696E+00
2.300007503168839E+00
8.228155563010221E-01
-1.339051564820092E-01
-4.531996348692617E-01
-8.759080743536773E-02
9.351678632695222E-01
2.503034077920767E+00
4.413271847139522E+00
6.380585402419714E+00
8.073137966293030E+00
9.180132729252032E+00
9.493126332327485E+00
8.965022932540395E+00
7.716522574089671E+00
5.990489807284359E+00
4.082820074910327E+00
2.281399981196325E+00
8.284461664207722E-01
-9.588824844265131E-02
-3.783732922706061E-01
2.453188509386062E-02
1.080704316597514E+00
2.673252188938958E+00
4.594538419900991E+00
6.555525403689817E+00
8.223560781369734E+00
9.291354434951634E+00
9.558109229364913E+00
8.986217511971176E+00
7.704580873258959E+00
5.960800641751684E+00
4.051740097580424E+00
2.263571097284491E+00
8.353945389724550E-01
-5.621225363754723E-02
-3.017596400847820E-01
1.383403728415920E-01
1.227577571793268E+00
2.844182646357407E+00
4.775653563724907E+00
6.729309613997299E+00
8.371895170724597E+00
9.399879113275194E+00
9.620276473094018E+00
9.004993497491585E+00
7.690974392935487E+00
5.930340280711516E+00
4.020751195330078E+00
2.246543421457100E+00
8.436793302510874E-01
-1.487228203057267E-02
-2.233591593631784E-01
2.538284700163586E-01
1.375762476745509E+00
3.015787627882915E+00
4.956550647843524E+00
6.901872596148144E+00
8.518085955964439E+00
9.505675993832860E+00
9.679632172058003E+00
9.021368650068283E+00
7.675730981472793E+00
5.899139109414345E+00
3.989875304714060E+00
2.230337623444558E+00
8.532982439671635E-01
2.811650453361914E-02
-1.432081050315023E-01
3.709467440091042E-01
1.525202016956689E+00
3.187994184853130E+00
5.137161704655018E+00
7.073132933315975E+00
8.662067174271234E+00
9.608696869314853E+00
9.736158332315014E+00
9.035362030435557E+00
7.658880570910300E+00
5.867234050326289E+00
3.959140219724089E+00
2.214972861024921E+00
8.642680543203799E-01
7.276225096170397E-02
-6.130329771404597E-02
4.896793716096760E-01
1.675861517335297E+00
3.360752467328008E+00
5.317422474228557E+00
7.243037854805568E+00
8.803792773512818E+00
9.708924032675466E+00
9.789859745925481E+00
9.046992695972779E+00
7.640465924406885E+00
5.834663910535898E+00
3.928588871333756E+00
2.200475795028782E+00
8.766016471154067E-01
1.190651629993230E-01
2.234089353870350E-02
6.100094404291349E-01
1.827709395721839E+00
3.534022870843853E+00
5.497279671464297E+00
7.411532709624501E+00
8.943233342415216E+00
9.806355731764341E+00
9.840773098793770E+00
9.056320506321237E+00
7.620544695506981E+00
5.801491514875717E+00
3.898270971666772E+00
2.186900975636458E+00
8.903440357671878E-01
1.670599402393275E-01
1.077451326518863E-01
7.319322617973416E-01
1.980730433685781E+00
3.707767162161108E+00
5.676697767557375E+00
7.578576779398398E+00
9.080351289950096E+00
9.900975081091591E+00
9.888900438918220E+00
9.063380477465797E+00
7.599167724789214E+00
5.767766241268674E+00
3.868227351497368E+00
2.174264835372929E+00
9.055020415201989E-01
2.167427699044603E-01
1.949018642005111E-01
8.554322390679798E-01
2.134886321049375E+00
3.881935047066594E+00
5.855602791321301E+00
7.744104618216664E+00
9.215099574984732E+00
9.992765898172218E+00
9.934259250685617E+00
9.068192540762947E+00
7.576365155675506E+00
5.733512534535730E+00
3.838482458146563E+00
2.162586767702495E+00
9.220771668736312E-01
2.681012774021038E-01
2.837751660216327E-01
9.804624703997915E-01
2.290118147831794E+00
4.056456142017296E+00
6.033919406357221E+00
7.908031436368767E+00
9.347409857233743E+00
1.008168473916802E+01
9.976839880188342E+00
9.070788861295636E+00
7.552174597313305E+00
5.698772067321999E+00
3.809058570912099E+00
2.151877523015117E+00
9.400761252121488E-01
3.211334166378589E-01
3.743617346881515E-01
1.106998152761466E+00
2.446390269568320E+00
4.231277378288030E+00
6.211592081795223E+00
8.070314098271476E+00
9.477247089967156E+00
1.016772242198787E+01
1.001664837232595E+01
9.071187364729395E+00
7.526631911949298E+00
5.663581573343049E+00
3.780000603325408E+00
2.142169791765764E+00
9.595168693870513E-01
3.758429034656148E-01
4.666477805811935E-01
1.235021990317803E+00
2.603665574910033E+00
4.406356133735966E+00
6.388565263719005E+00
8.230900979721211E+00
9.604592515837238E+00
1.025088885339838E+01
1.005373700574246E+01
9.069450646060814E+00
7.499800443711912E+00
5.627999477754678E+00
3.751351972365459E+00
2.133507141997053E+00
9.804334167145754E-01
4.322585358438946E-01
5.606451383997160E-01
1.364523785559525E+00
2.761922307513117E+00
4.581652586278217E+00
6.564798438472930E+00
8.389745795633553E+00
9.729405481863317E+00
1.033116727995860E+01
1.008810645783063E+01
9.065617035088700E+00
7.471730791362481E+00
5.592078813692378E+00
3.723156353504231E+00
2.125910125706042E+00
1.002838598742363E+00
4.903756160377770E-01
6.563460020796427E-01
1.495479743196522E+00
2.921117095129500E+00
4.757105318192612E+00
6.740213059091032E+00
8.546789361506788E+00
9.851652050601073E+00
1.040856042359284E+01
1.011978828782362E+01
9.059717333182968E+00
7.442454370486087E+00
5.555838798071441E+00
3.695425107100367E+00
2.119384193652693E+00
1.026720486859067E+00
5.501741372193349E-01
7.537102708477219E-01
1.627845110518673E+00
3.081193679379091E+00
4.932648396435807E+00
6.914737717825385E+00
8.701944661858541E+00
9.971263176236169E+00
1.048301938821109E+01
1.014877352376337E+01
9.051778107455464E+00
7.412009746510197E+00
5.519324647208609E+00
3.668188446734958E+00
2.113949677113014E+00
1.052090058691689E+00
6.116537417155842E-01
8.527282639323368E-01
1.761586439094562E+00
3.242106524476024E+00
5.108225636773255E+00
7.088321038310330E+00
8.855183853661613E+00
1.008822468869568E+01
1.055455820713987E+01
1.017507939304535E+01
9.041825448169353E+00
7.380430096340630E+00
5.482563433765139E+00
3.641479045952285E+00
2.109625209580940E+00
1.078961330805280E+00
6.748126217939807E-01
9.533876163363041E-01
1.896685085355634E+00
3.403818779507585E+00
5.283788400993944E+00
7.260893527605935E+00
9.006445355870170E+00
1.020250476422211E+01
1.062318048971526E+01
1.019875634911857E+01
9.029927340003002E+00
7.347788683359352E+00
5.445625968111801E+00
3.615351471016352E+00
2.106463274134972E+00
1.107367250436715E+00
7.396748275676834E-01
1.055690081037819E+00
2.033123385257253E+00
3.566300653240706E+00
5.459292315920067E+00
7.432425006857494E+00
9.155697669641466E+00
1.031409027181885E+01
1.068889048501329E+01
1.021982465932018E+01
9.016124986414511E+00
7.314126355066225E+00
5.408546865686093E+00
3.589828280814764E+00
2.104471527830139E+00
1.137312910898346E+00
8.062361310805604E-01
1.159629788642725E+00
2.170879858756234E+00
3.729508374284174E+00
5.634674610995298E+00
7.602829073297080E+00
9.302872495751414E+00
1.042293403642120E+01
1.075168330850959E+01
1.023830877803223E+01