3.622680206123269E+00
3.641275804603611E+00
3.661066446560674E+00
3.676939583524867E+00
3.696462953423344E+00
3.713652555695068E+00
3.732258472529919E+00
3.751204095246546E+00
3.769914348007282E+00
3.789449924805803E+00
3.805304972488799E+00
3.824877920803756E+00
3.841933169434150E+00
3.861110791275103E+00
3.879793759904545E+00
3.899255505360023E+00
3.918936880986994E+00
3.935207146502506E+00
3.954777095886757E+00
3.971608838302649E+00
3.990898155239716E+00
4.008773104159558E+00
4.028334059262670E+00
4.047453730187366E+00
4.063722600019164E+00
4.082811848532439E+00
4.099381941501497E+00
4.118799162321150E+00
4.136243337251653E+00
4.156374602073717E+00
4.175507900094004E+00
4.192525880939298E+00
4.211619005887539E+00
4.228473918223296E+00
4.248147556339356E+00
4.265226193542395E+00
4.285603397017631E+00
4.304269372389686E+00
4.321512075078371E+00
4.339876950169411E+00
4.356507237176443E+00
4.375836895848410E+00
4.392351384243077E+00
4.412809484477590E+00
4.431186020802474E+00
4.449084413626339E+00
4.467220363412935E+00
4.484359864851674E+00
4.503875267054297E+00
4.520491096545369E+00
4.541290508070128E+00
4.559562410107774E+00
4.578031434783369E+00
4.595590440766482E+00
4.612802831830644E+00
4.631777847814239E+00
4.647970470401503E+00
4.668395663977674E+00
4.686177397011136E+00
4.704956332684568E+00
4.721953118404588E+00
4.739531314431344E+00
4.758327683057154E+00
4.774811076106318E+00
4.795376599131052E+00
4.813357726549993E+00
4.832887333026537E+00
4.849675493477758E+00
4.867718279760028E+00
4.886104186768533E+00
4.902603533485255E+00
4.922623444942002E+00
4.940243000617386E+00
4.959795222390313E+00
4.975898263385457E+00
4.994016004302866E+00
5.011793576234243E+00
5.028485869110030E+00
5.048153691502102E+00
5.065995738776696E+00
5.086079260928086E+00
5.102245077728408E+00
5.120989849612124E+00
5.138599262241215E+00
5.155797445093222E+00
5.175017278554252E+00
5.192921824996195E+00
5.212966340895953E+00
5.228720722397406E+00
5.247375717430927E+00
5.264218192081782E+00
5.281460110483957E+00
5.299845590291506E+00
5.317795148268078E+00
5.337829728691859E+00
5.353677976183112E+00
5.372700810204110E+00
5.389463619690058E+00
5.407399819267927E+00
5.425468949077816E+00
5.443903541045867E+00
5.463974421989288E+00
5.479973110708926E+00
5.498952259865070E+00
5.515209987441674E+00
5.533197832013950E+00
5.550296502023505E+00
5.568649900976948E+00
5.588195118204624E+00
5.604222248002166E+00
5.623038250342868E+00
5.639112918068514E+00
5.657535826175940E+00
5.674279799034556E+00
5.693199806443932E+00
5.712751749525666E+00
5.729429932578576E+00
5.748301697550114E+00
5.764393682884142E+00
5.783022634797196E+00
5.799103106361321E+00
5.818015100429625E+00
5.836868405440468E+00
5.853643173732113E+00
5.871915642115621E+00
5.887741749987502E+00
5.906304366346053E+00
5.921881814622809E+00
5.941027228803229E+00
5.959633075865388E+00
5.977176781497672E+00
5.995420382582925E+00
6.011684774610618E+00
6.030533594599052E+00
6.045983143984498E+00
6.065299953037732E+00
6.083426070680836E+00
6.101329777397405E+00
6.118903586418452E+00
6.135050994357686E+00
6.153449969914743E+00
6.168390022903539E+00
6.187448203120828E+00
6.205013841699854E+00
6.223409136336517E+00
6.240648114263144E+00
6.257290285216476E+00
6.275768070691464E+00
6.290980056724240E+00
6.310231883073703E+00
6.327687233980601E+00
6.346715624738493E+00
6.363563893826468E+00
6.380457955965227E+00
6.398433817720444E+00
6.413437383816176E+00
6.432114128646647E+00
6.448927552344800E+00
6.468049806334644E+00
6.484278844186558E+00
6.501421907045904E+00
6.519037882343538E+00
6.534378194863960E+00
6.552942986563552E+00
6.569843122681342E+00
6.589583482041837E+00
6.605778169568191E+00
6.623505006099219E+00
6.640827053725088E+00
6.656470415548565E+00
6.674462057042964E+00
6.691000889612893E+00
6.710599003822494E+00
6.726201832803177E+00
6.743911341613642E+00
6.760517236449219E+00
6.776346905867292E+00
6.793734979233150E+00
6.810283082016832E+00
6.830079293630153E+00
6.845803554939601E+00
6.864084453524957E+00
6.880592799931068E+00
6.897124164545790E+00
6.914128345462793E+00
6.930799507567616E+00
6.950443886296015E+00
6.965983797452084E+00
6.984174464342190E+00
6.999980221562255E+00
7.016593283748938E+00
7.032668193315762E+00
7.049181470070318E+00
7.068420251941828E+00
7.084019461726651E+00
7.102368429406892E+00
7.118066674980825E+00
7.135367317520520E+00
7.151170593909209E+00
7.168141007474103E+00
7.187268827672182E+00
7.203241145916833E+00
7.221596627801842E+00
7.236996536035970E+00
7.254451193146529E+00
7.269419612601534E+00
7.286212698807363E+00
7.304524208364169E+00
7.320492645394628E+00
7.338467317467271E+00
7.353628174550944E+00
7.371351859472343E+00
7.385972935110036E+00
7.403148376442156E+00
7.421216225925336E+00
7.437887773161456E+00
7.455911123841867E+00
7.471295451790796E+00
7.489312366359299E+00
7.503570788909759E+00
7.520747367384507E+00
7.538004024978574E+00
7.554793123812369E+00
7.572131275729406E+00
7.587270350421459E+00
7.605045423664803E+00
7.618857962505876E+00
7.636011479713178E+00
7.652717858611791E+00
7.670104602073719E+00
7.687294282571038E+00
7.702933046312403E+00
7.720956198989321E+00
7.734942172753505E+00
7.752284326485426E+00
7.768516859809093E+00
7.786287517482654E+00
7.802881591168822E+00
7.818527070782307E+00
7.836036080607212E+00
7.849701182529650E+00
7.866609703716462E+00
7.882064605266828E+00
7.900030614071457E+00
7.916130250312364E+00
7.932169849074640E+00
7.949578254572546E+00
7.963681756694687E+00
7.980709398184774E+00
7.996045302550593E+00
8.014550306087251E+00
8.030395686262279E+00
8.046827696867075E+00
8.063788015520545E+00
8.077982179449442E+00
8.094433392924357E+00
8.109094025119219E+00
8.127415748910863E+00
8.142573167077288E+00
8.159099510325523E+00
8.175495845069397E+00
8.190058856757267E+00
8.206248123527905E+00
8.220899047532180E+00
8.239550202364349E+00
8.254732054186766E+00
8.271858088696941E+00
8.288032132002979E+00
8.303174929350108E+00
8.318933286436973E+00
8.333348818435660E+00
8.351672206087599E+00
8.366346149499726E+00
8.383359976800413E+00
8.398734859143431E+00
8.414060054192232E+00
8.429121620551367E+00
8.443419333048285E+00
8.461526528449268E+00
8.476253808620013E+00
8.493664547108976E+00
8.508925368618721E+00
8.525047575231792E+00
8.539890728291200E+00
8.554460043430057E+00
8.572284738159262E+00
8.586997596412457E+00
8.604306386037537E+00
8.618954318034362E+00
8.635193373133575E+00
8.649195165494628E+00
8.663560112734459E+00
8.680612681001644E+00
8.695264534886213E+00
8.712452562931801E+00
8.726892462024516E+00
8.743686302940626E+00
8.757512473161054E+00
8.772363962115197E+00
8.789137722671907E+00
8.804259389164590E+00
8.821446702078104E+00
8.835767944316949E+00
8.852771259118416E+00
8.866040256211432E+00
8.880796957928121E+00
8.896575838629929E+00
8.911618606128357E+00
8.928203338530409E+00
8.942204690134513E+00
8.959225574666965E+00
8.972200912916543E+00
8.987234826828711E+00
9.002539659241201E+00
9.018184163963314E+00
9.034714307876243E+00
9.049049799793831E+00
9.066341433953280E+00
9.079298202355174E+00
9.094484911888554E+00
9.109002156975787E+00
9.124751857589519E+00
9.140534481509233E+00
9.154648036493306E+00
9.171489085834873E+00
9.184109300135070E+00
9.199151104157663E+00
9.212921218656305E+00
9.228991786433632E+00
9.244425644165366E+00
9.258982330897236E+00
9.275894718208399E+00
9.288926792528708E+00
9.304252566725809E+00
9.317664285751771E+00
9.334085653054402E+00
9.348994639085884E+00
9.363665139813152E+00
9.379982944052530E+00
9.392906011856724E+00
9.407790159957621E+00
9.420389671042038E+00
9.436693590122291E+00
9.450926468913249E+00
9.465813788335065E+00
9.481751074699291E+00
9.495165657145698E+00
9.510137352590860E+00
9.522691327105656E+00
9.539365259066571E+00
9.553418955163055E+00
9.568768016730807E+00
9.584266274032093E+00
9.598019469063308E+00
9.612555430628888E+00
9.624602032337565E+00
9.640871561014944E+00
9.654192638861426E+00
9.669463981232511E+00
9.684167017330463E+00
9.698219193807329E+00
9.712402216770098E+00
9.724441678190889E+00
9.740717193024858E+00
9.754030457302466E+00
9.769805820601123E+00