-3.073432516609996E+01
-3.120560006320120E+01
-3.165191996598710E+01
-3.207293320918182E+01
-3.246830971819131E+01
-3.283774126860639E+01
-3.318094172262418E+01
-3.349764724235335E+01
-3.378761647975555E+01
-3.405063074324863E+01
-3.428649414087703E+01
-3.449503370005273E+01
-3.467609946390380E+01
-3.482956456430264E+01
-3.495532527167961E+01
-3.505330102176243E+01
-3.512343441941567E+01
-3.516569121978938E+01
-3.518006028701963E+01
-3.516655353075831E+01
-3.512520582084400E+01
-3.505607488039359E+01
-3.495924115774696E+01
-3.483480767764129E+01
-3.468289987192519E+01
-3.450366539039084E+01
-3.429727389209269E+01
-3.406391681764220E+01
-3.380380714298059E+01
-3.351717911514437E+01
-3.320428797055138E+01
-3.286540963634737E+01
-3.250084041536638E+01
-3.211089665527064E+01
-3.169591440244848E+01
-3.125624904126155E+01
-3.079227491924548E+01
-3.030438495877364E+01
-2.979299025593055E+01
-2.925851966709022E+01
-2.870141938380884E+01
-2.812215249669253E+01
-2.752119854880050E+01
-2.689905307919092E+01
-2.625622715721001E+01
-2.559324690811830E+01
-2.491065303064114E+01
-2.420900030702386E+01
-2.348885710616518E+01
-2.275080488039570E+01
-2.199543765646183E+01
-2.122336152126830E+01
-2.043519410292612E+01
-1.963156404758961E+01
-1.881311049268862E+01
-1.798048253695986E+01
-1.713433870785401E+01
-1.627534642673774E+01
-1.540418147237448E+01
-1.452152744312527E+01
-1.362807521829319E+01
-1.272452241901781E+01
-1.181157286910827E+01
-1.088993605618636E+01
-9.960326593493471E+00
-9.023463682697656E+00
-8.080070578019923E+00
-7.130874051981000E+00
-6.176603863052705E+00
-5.217992225531207E+00
-4.255773281841077E+00
-3.290682577581310E+00
-2.323456539544480E+00
-1.354831956951065E+00
-3.855454661338615E-01
5.836669611044267E-01
1.552070525248588E+00
2.518932102742741E+00
3.483520745387310E+00
4.445108175283097E+00
5.402969275155655E+00
6.356382573904504E+00
7.304630727232854E+00
8.247000993224891E+00
9.182785702748912E+00
1.011128272455951E+01
1.103179592500243E+01
1.194363562222891E+01
1.284611903479142E+01
1.373857072457066E+01
1.462032303392997E+01
1.549071651701857E+01
1.634910036514914E+01
1.719483282617799E+01
1.802728161782044E+01
1.884582433483693E+01
1.964984885002917E+01
2.043875370898909E+01
2.121194851854691E+01
2.196885432886819E+01
2.270890400915302E+01
2.343154261684199E+01
2.413622776026903E+01
2.482242995476916E+01
2.548963297190062E+01
2.613733418194038E+01
2.676504488938482E+01
2.737229066135546E+01
2.795861164880740E+01
2.852356290043522E+01
2.906671466916919E+01
2.958765271115154E+01
3.008597857708079E+01
3.056130989580903E+01
3.101328065007495E+01
3.144154144425302E+01
3.184575976399638E+01
3.222562022746835E+01
3.258082482828524E+01
3.291109316971948E+01
3.321616269016108E+01
3.349578887957800E+01
3.374974548680641E+01
3.397782471747076E+01
3.417983742232801E+01
3.435561327582528E+01
3.450500094465484E+01
3.462786824608511E+01
3.472410229584121E+01
3.479360964530301E+01
3.483631640778383E+01
3.485216837364740E+01
3.484113111401530E+01
3.480319007283335E+01
3.473835064702892E+01
3.464663825448743E+01
3.452809838966579E+01
3.438279666649883E+01
3.421081884839450E+01
3.401227086505543E+01
3.378727881586892E+01
3.353598895961262E+01
3.325856769022728E+01
3.295520149841310E+01
3.262609691881067E+01
3.227148046253230E+01
3.189159853481416E+01
3.148671733756451E+01
3.105712275658757E+01
3.060312023333135E+01
3.012503462088862E+01
2.962321002410659E+01
2.909800962368327E+01
2.854981548400979E+01
2.797902834467288E+01
2.738606739548403E+01
2.677137003492324E+01
2.613539161190501E+01
2.547860515079541E+01
2.480150105962922E+01
2.410458682149677E+01
2.338838666909074E+01
2.265344124242358E+01
2.190030722974684E+01
2.112955699172416E+01
2.034177816899730E+01
1.953757327315732E+01
1.871755926134905E+01
1.788236709462483E+01
1.703264128024969E+01
1.616903939817861E+01
1.529223161195267E+01
1.440290016429060E+01
1.350173885768199E+01
1.258945252031764E+01
1.166675645772246E+01
1.073437589048569E+01
9.793045378513000E+00
8.843508232254401E+00
7.886515911391565E+00
6.922827411497879E+00
5.953208639215388E+00
4.978431776494030E+00
3.999274634568347E+00
3.016519998156674E+00
2.030954960679747E+00
1.043370251093797E+00
5.455955305016114E-02
-9.346811828883053E-01
-1.923554433225352E+00
-2.911261800937098E+00
-3.897004719520167E+00
-4.879985160878658E+00
-5.859406346228094E+00
-6.834473459176166E+00
-7.804394360121822E+00
-8.768380301095899E+00
-9.725646640248948E+00
-1.067541355498679E+01
-1.161690675289550E+01
-1.254935817968245E+01
-1.347200672304962E+01
-1.438409891171427E+01
-1.528488960866206E+01
-1.617364269772888E+01
-1.704963176261829E+01
-1.791214075747283E+01
-1.876046466812782E+01
-1.959391016318796E+01
-2.041179623407721E+01
-2.121345482322390E+01
-2.199823143955387E+01
-2.276548576047513E+01
-2.351459221968476E+01
-2.424494057988491E+01
-2.495593648970203E+01
-2.564700202430049E+01
-2.631757620872919E+01
-2.696711552350977E+01
-2.759509439182569E+01
-2.820100564770722E+01
-2.878436098464253E+01
-2.934469138408108E+01
-2.988154752333065E+01
-3.039450016238473E+01
-3.088314050925322E+01
-3.134708056340398E+01
-3.178595343695899E+01
-3.219941365332397E+01
-3.258713742326447E+01
-3.294882289780440E+01
-3.328419039840027E+01
-3.359298262366977E+01
-3.387496483303718E+01
-3.412992500698610E+01
-3.435767398383739E+01
-3.455804557301819E+01
-3.473089664483350E+01
-3.487610719679986E+01
-3.499358039664637E+01
-3.508324260213594E+01
-3.514504335790625E+01
-3.517895536957635E+01
-3.518497445541244E+01
-3.516311947589241E+01
-3.511343224120212E+01
-3.503597739749360E+01
-3.493084229188902E+01
-3.479813681672960E+01
-3.463799323357539E+01
-3.445056597731863E+01
-3.423603144088868E+01
-3.399458774104082E+01
-3.372645446573546E+01
-3.343187240362843E+01
-3.311110325620731E+01
-3.276442933312295E+01
-3.239215323127925E+01
-3.199459749825904E+01
-3.157210428067746E+01
-3.112503495806897E+01
-3.065376976281785E+01
-3.015870738688296E+01
-2.964026457582437E+01
-2.909887571072769E+01
-2.853499237871524E+01
-2.794908293259881E+01
-2.734163204029062E+01
-2.671314022458271E+01
-2.606412339389642E+01
-2.539511236459719E+01
-2.470665237546223E+01
-2.399930259488120E+01
-2.327363562136282E+01
-2.253023697791303E+01
-2.176970460084272E+01
-2.099264832355605E+01
-2.019968935579466E+01
-1.939145975895783E+01
-1.856860191791102E+01
-1.773176800982468E+01
-1.688161947051127E+01
-1.601882645872497E+01
-1.514406731887552E+01
-1.425802804259246E+01
-1.336140172956077E+01
-1.245488804803377E+01
-1.153919269541385E+01
-1.061502685927652E+01
-9.683106679197675E+00
-8.744152709729399E+00
-7.798889384853730E+00
-6.848044484229058E+00
-5.892348601526542E+00
-4.932534615154284E+00
-3.969337161606237E+00
-3.003492111749343E+00
-2.035736050234346E+00
-1.066805758291658E+00
-9.743770012474451E-02
8.716324868968592E-01
1.839670498053162E+00
2.805943862916536E+00
3.769722442650692E+00
4.730278922805120E+00
5.686889301454596E+00
6.638833372543816E+00
7.585395204307420E+00
8.525863612646187E+00
9.459532629312807E+00
1.038570196484587E+01
1.130367746612615E+01
1.221277156843213E+01
1.311230374195435E+01
1.400160093264958E+01
1.487999799735728E+01
1.574683813310212E+01
1.660147330050709E+01
1.744326464124298E+01
1.827158288944128E+01
1.908580877699830E+01
1.988533343269952E+01
2.066955877509466E+01
2.143789789905419E+01
2.218977545594014E+01
2.292462802728427E+01
2.364190449195328E+01
2.434106638667916E+01
2.502158825987987E+01
2.568295801870184E+01
2.632467726918193E+01
2.694626164943798E+01
2.754724115579159E+01
2.812716046172071E+01
2.868557922953439E+01
2.922207241465545E+01
2.973623056239216E+01
3.022766009707313E+01
3.069598360341485E+01
3.114084009998480E+01
3.156188530461784E+01
3.195879189162011E+01
3.233124974063300E+01
3.267896617695198E+01
3.300166620317195E+01
3.329909272194558E+01
3.357100674968729E+01
3.381718762102886E+01
3.403743318382732E+01
3.423155998451986E+01
3.439940344361552E+01
3.454081802110694E+01
3.465567737158096E+01
3.474387448880036E+01
3.480532183952392E+01
3.483995148632640E+01
3.484771519917424E+01
3.482858455552864E+01
3.478255102871111E+01
3.470962606426075E+01
3.460984114410607E+01
3.448324783820564E+01
3.432991784345629E+01
3.414994300960659E+01
3.394343535191791E+01
3.371052705031942E+01
3.364819228307940E+01