5.187467342275506E+00
5.186736931888339E+00
5.185908846656135E+00
5.185101268619714E+00
5.184343519395417E+00
5.183516528475486E+00
5.182753384988503E+00
5.181974383984968E+00
5.181244220790898E+00
5.180531485691012E+00
5.179708350816552E+00
5.178953120569217E+00
5.178178357664789E+00
5.177396383869164E+00
5.176632794905301E+00
5.175820861998485E+00
5.175114022163913E+00
5.174358641853517E+00
5.173553048699120E+00
5.172778109272970E+00
5.171951065177693E+00
5.171193905692459E+00
5.170389508161360E+00
5.169585311443042E+00
5.168881672593620E+00
5.168130744914142E+00
5.167406699776929E+00
5.166619928599940E+00
5.165817815196672E+00
5.165075726005302E+00
5.164228446443411E+00
5.163423431303247E+00
5.162642448434647E+00
5.161876796025147E+00
5.161157374442435E+00
5.160340255498035E+00
5.159584880547709E+00
5.158830487056195E+00
5.158019639653061E+00
5.157249831235204E+00
5.156432241018215E+00
5.155702484664509E+00
5.154967806724933E+00
5.154159364265723E+00
5.153405048735046E+00
5.152595123701007E+00
5.151813515032670E+00
5.150998238292543E+00
5.150145558237018E+00
5.149418940584115E+00
5.148655893425360E+00
5.147906175622394E+00
5.147155905400721E+00
5.146372835902008E+00
5.145648925357412E+00
5.144812299054468E+00
5.143983503865295E+00
5.143203979897752E+00
5.142399348915478E+00
5.141657423732688E+00
5.140846685322344E+00
5.140076271554230E+00
5.139342902095276E+00
5.138520418138404E+00
5.137736177272539E+00
5.136916371871255E+00
5.136154397595426E+00
5.135424368814332E+00
5.134606762310031E+00
5.133867357489849E+00
5.133097503040931E+00
5.132304342313160E+00
5.131496226919118E+00
5.130622858102109E+00
5.129860415100095E+00
5.129071298603425E+00
5.128274474226584E+00
5.127536572727638E+00
5.126761548639858E+00
5.126046209844048E+00
5.125244870230389E+00
5.124408189913655E+00
5.123637591049355E+00
5.122814405970415E+00
5.122039704825118E+00
5.121228821600038E+00
5.120437894075796E+00
5.119720595159635E+00
5.118895106287839E+00
5.118093755391325E+00
5.117286738077244E+00
5.116488607846435E+00
5.115738979949315E+00
5.114909178601186E+00
5.114166233607562E+00
5.113430963045243E+00
5.112637071374540E+00
5.111856099439198E+00
5.110994414453770E+00
5.110201722975910E+00
5.109397744304574E+00
5.108548290724320E+00
5.107788721778035E+00
5.107008684576194E+00
5.106282375769860E+00
5.105511367096713E+00
5.104676759730906E+00
5.103926525597476E+00
5.103107232495281E+00
5.102294950158264E+00
5.101487423214230E+00
5.100678706280988E+00
5.099957980217702E+00
5.099137749971144E+00
5.098326476300967E+00
5.097540944860825E+00
5.096713062262440E+00
5.095936033609159E+00
5.095093355643581E+00
5.094316980732978E+00
5.093596604917995E+00
5.092804706693024E+00
5.092045229571467E+00
5.091219672732643E+00
5.090421940061501E+00
5.089623858555747E+00
5.088733694252565E+00
5.087939707137953E+00
5.087149126263498E+00
5.086382077099137E+00
5.085620194240791E+00
5.084794842611318E+00
5.084058778209371E+00
5.083255960463482E+00
5.082417946244218E+00
5.081619268543471E+00
5.080793376407955E+00
5.080052483382707E+00
5.079246546492247E+00
5.078425116223507E+00
5.077661827993082E+00
5.076829471559393E+00
5.076027826693748E+00
5.075173918611275E+00
5.074352027413649E+00
5.073624056438126E+00
5.072817571434348E+00
5.072054605732651E+00
5.071276718312738E+00
5.070489050327296E+00
5.069709512305131E+00
5.068814945349158E+00
5.067996271356695E+00
5.067193721361902E+00
5.066372264299748E+00
5.065600696750177E+00
5.064777595776492E+00
5.064034212979342E+00
5.063256797236513E+00
5.062406720063353E+00
5.061612427005507E+00
5.060780191490057E+00
5.060011558681198E+00
5.059213357998388E+00
5.058377926340158E+00
5.057636822039833E+00
5.056821955422010E+00
5.055999972043913E+00
5.055153508093382E+00
5.054298645397016E+00
5.053539689567944E+00
5.052704435848666E+00
5.051913552732270E+00
5.051165730314175E+00
5.050381869547931E+00
5.049625303863571E+00
5.048761670527134E+00
5.047931419725235E+00
5.047131408144123E+00
5.046270135884580E+00
5.045470492466883E+00
5.044639919806510E+00
5.043874303066630E+00
5.043116105542836E+00
5.042257000817804E+00
5.041465146735921E+00
5.040644691945786E+00
5.039839151118685E+00
5.039036677013780E+00
5.038190392979859E+00
5.037455969948413E+00
5.036662866370420E+00
5.035833104436330E+00
5.035016068095429E+00
5.034149638695211E+00
5.033356096131638E+00
5.032499553460648E+00
5.031659320653088E+00
5.030907573730067E+00
5.030116836408492E+00
5.029366957475412E+00
5.028541580515521E+00
5.027715494280433E+00
5.026939587082311E+00
5.026061542668245E+00
5.025227861778205E+00
5.024396575736595E+00
5.023598310669220E+00
5.022837542170528E+00
5.021975858390236E+00
5.021184979570450E+00
5.020382777823986E+00
5.019541622117344E+00
5.018732034569290E+00
5.017874409186316E+00
5.017118381495625E+00
5.016343927676440E+00
5.015512583494202E+00
5.014726129806855E+00
5.013877093090176E+00
5.013067854049341E+00
5.012206291924382E+00
5.011314659930183E+00
5.010539961517686E+00
5.009729454203907E+00
5.008950109265692E+00
5.008153061119451E+00
5.007339622642083E+00
5.006587859131792E+00
5.005717450158602E+00
5.004864730426561E+00
5.004042842026476E+00
5.003207565600222E+00
5.002430110076978E+00
5.001573484086411E+00
5.000771031066124E+00
4.999988949656505E+00
4.999130044920167E+00
4.998309072413925E+00
4.997441071018796E+00
4.996647972522533E+00
4.995877571997797E+00
4.995031836331889E+00
4.994262996461057E+00
4.993454670888039E+00
4.992642838433102E+00
4.991796131081513E+00
4.990883904016768E+00
4.990082959570609E+00
4.989243974945929E+00
4.988411676992220E+00
4.987623813917594E+00
4.986809857645113E+00
4.986064632401208E+00
4.985223157727429E+00
4.984364013235592E+00
4.983556173940099E+00
4.982700117894209E+00
4.981899192334192E+00
4.981045255669603E+00
4.980223049600428E+00
4.979462626970141E+00
4.978599739233278E+00
4.977764283709042E+00
4.976903739276825E+00
4.976071815234262E+00
4.975281261312821E+00
4.974411055926443E+00
4.973637995005430E+00
4.972863463190391E+00
4.972049823462862E+00
4.971237101905408E+00
4.970340676304647E+00
4.969520331979764E+00
4.968668977399215E+00
4.967784634680470E+00
4.966978891143950E+00
4.966149831542776E+00
4.965390601159726E+00
4.964575530387557E+00
4.963711403589651E+00
4.962924321105739E+00
4.962069718441969E+00
4.961236574060274E+00
4.960386438329234E+00
4.959547146078648E+00
4.958793874414430E+00
4.957934923309460E+00
4.957093110947355E+00
4.956258395761449E+00
4.955394833874180E+00
4.954576877638024E+00
4.953685420521934E+00
4.952876548491693E+00
4.952110846242205E+00
4.951290784020479E+00
4.950504782265874E+00
4.949643354557313E+00
4.948823425965740E+00
4.947987687215566E+00
4.947066527364036E+00
4.946232679413684E+00
4.945390289644354E+00
4.944591640582426E+00
4.943782493535554E+00
4.942916820274980E+00
4.942145687712589E+00
4.941302460734593E+00
4.940440007829639E+00
4.939600228236974E+00
4.938742666071664E+00
4.937974759899465E+00
4.937129127302182E+00
4.936283195931991E+00
4.935478422747027E+00
4.934608488315706E+00
4.933773155782909E+00
4.932869128179615E+00
4.932009487218687E+00
4.931232964646417E+00
4.930389434143830E+00
4.929597461663913E+00
4.928776376260428E+00
4.927967793848913E+00
4.927159030399946E+00
4.926232820596104E+00
4.925384275342468E+00
4.924536088002928E+00
4.923684001258469E+00
4.922866893332915E+00
4.921998534976810E+00
4.921221196598771E+00
4.920396405087311E+00
4.919516704018998E+00
4.918683618691553E+00
4.917811733279471E+00
4.917017078023516E+00
4.916180356547640E+00
4.915320092317531E+00
4.914543418142620E+00
4.913693263192495E+00
4.912847483489730E+00
4.911952883208296E+00
4.911059388767392E+00
4.910257346188623E+00
4.909375736228350E+00
4.908549622855514E+00
4.907753571342490E+00
4.906942383405753E+00
4.906156748515453E+00
4.905258505076580E+00
4.904406906734017E+00
4.903566948420519E+00
4.902676218418196E+00
4.901841206103468E+00
4.900963987298971E+00
4.900164529309611E+00
4.899359397507325E+00
4.898466158356243E+00
4.897634907290136E+00
4.896767014041778E+00
4.895935574729023E+00
4.895092271558392E+00
4.894212988237395E+00
4.893448826094252E+00
4.892621228775585E+00