-4.954720611047453E-03
-4.973297284492958E-03
-4.991958857729884E-03
-5.010705496587269E-03
-5.029537266117685E-03
-5.048454120525419E-03
-5.067455892239915E-03
-5.086542280032521E-03
-5.105712835869267E-03
-5.124966950647563E-03
-5.144303838382001E-03
-5.163722518829911E-03
-5.183221798493154E-03
-5.202800249938016E-03
-5.222456189439811E-03
-5.242187653082983E-03
-5.261992371631222E-03
-5.281867744725071E-03
-5.301810815267143E-03
-5.321818245216958E-03
-5.341886294438792E-03
-5.362010805524888E-03
-5.382187196231238E-03
-5.402410468875041E-03
-5.422675230859307E-03
-5.442975747303836E-03
-5.463306021524549E-03
-5.483659913532899E-03
-5.504031304887414E-03
-5.524414315038005E-03
-5.544803569760524E-03
-5.565194516384158E-03
-5.585583773267670E-03
-5.605969492382089E-03
-5.626351703907480E-03
-5.646732600449514E-03
-5.667116705828116E-03
-5.687510901763177E-03
-5.707924269978615E-03
-5.728367749335013E-03
-5.748853599793232E-03
-5.769394778418423E-03
-5.790004226138512E-03
-5.810694174026431E-03
-5.831475545459232E-03
-5.852357501873833E-03
-5.873347154988932E-03
-5.894449447295218E-03
-5.915667185331729E-03
-5.937001196764778E-03
-5.958450572567482E-03
-5.980012949662556E-03
-6.001684787238466E-03
-6.023461665959271E-03
-6.045338528681305E-03
-6.067309901558052E-03
-6.089370071697380E-03
-6.111513229210730E-03
-6.133733574846447E-03
-6.156025398715548E-03
-6.178383135203624E-03
-6.200801398715490E-03
-6.223275004419316E-03
-6.245798977644676E-03
-6.268368555043885E-03
-6.290979180048372E-03
-6.313626494541652E-03
-6.336306328027555E-03
-6.359014684896930E-03
-6.381747731980065E-03
-6.404501785293198E-03
-6.427273297444755E-03
-6.450058845509767E-03
-6.472855119590194E-03
-6.495658912154647E-03
-6.518467108160844E-03
-6.541276675940186E-03
-6.564084658803527E-03
-6.586888167310650E-03
-6.609684372133012E-03
-6.632470497430150E-03
-6.655243814654575E-03
-6.678001636698224E-03
-6.700741312295327E-03
-6.723460220602190E-03
-6.746155765835911E-03
-6.768825371904037E-03
-6.791466476911751E-03
-6.814076527446519E-03
-6.836652972557583E-03
-6.859193257291677E-03
-6.881694815684606E-03
-6.904155063091769E-03
-6.926571387727910E-03
-6.948941141277185E-03
-6.971261628429230E-03
-6.993530095195047E-03
-7.015743715858530E-03
-7.037899578425003E-03
-7.059994668437395E-03
-7.082025851043725E-03
-7.103989851303670E-03
-7.125883232887568E-03
-7.147702374612873E-03
-7.169443446911721E-03
-7.191102386092869E-03
-7.212674869546029E-03
-7.234156292397017E-03
-7.255541747149018E-03
-7.276826008828378E-03
-7.298003529092178E-03
-7.319068443649641E-03
-7.340014598200129E-03
-7.360835598897047E-03
-7.381524894109528E-03
-7.402075894972110E-03
-7.422482142886943E-03
-7.442737525458047E-03
-7.462836550550012E-03
-7.482774646714883E-03
-7.502548542775154E-03
-7.522156604164546E-03
-7.541599180173421E-03
-7.560878890704713E-03
-7.580000796017351E-03
-7.598972409168523E-03
-7.617803528463469E-03
-7.636505886181845E-03
-7.655092630173095E-03
-7.673577676599832E-03
-7.691974995157589E-03
-7.710297912511952E-03
-7.728558545469603E-03
-7.746767319223068E-03
-7.764932694107041E-03
-7.783061050950371E-03
-7.801156731584412E-03
-7.819222194627672E-03
-7.837258254481106E-03
-7.855264361718619E-03
-7.873238893347191E-03
-7.891179430441816E-03
-7.909083008432564E-03
-7.926946331834196E-03
-7.944765950462963E-03
-7.962538398180672E-03
-7.980260297942562E-03
-7.997928438403135E-03
-8.015539827552865E-03
-8.033091724568371E-03
-8.050581659719707E-03
-8.068007441319060E-03
-8.085367155139515E-03
-8.102659157868241E-03
-8.119882066744032E-03
-8.137034746729947E-03
-8.154116296268095E-03
-8.171126032399939E-03
-8.188063475811363E-03
-8.204928336177421E-03
-8.221720498037240E-03
-8.238440007324700E-03
-8.255087058615530E-03
-8.271661983126228E-03
-8.288165237514643E-03
-8.304597393260430E-03
-8.320959126752502E-03
-8.337251209899522E-03
-8.353474501227223E-03
-8.369629937370719E-03
-8.385718524880270E-03
-8.401741332254832E-03
-8.417699482115676E-03
-8.433594143430003E-03
-8.449426523691586E-03
-8.465197860962189E-03
-8.480909415673716E-03
-8.496562462086774E-03
-8.512158279296748E-03
-8.527698141673210E-03
-8.543183308612985E-03
-8.558615013478425E-03
-8.573994451567738E-03
-8.589322767062207E-03
-8.604601038585364E-03
-8.619830263576087E-03
-8.635011341023372E-03
-8.650145052558719E-03
-8.665232041847092E-03
-8.680272792223415E-03
-8.695267602587722E-03
-8.710216561699168E-03
-8.725119521196527E-03
-8.739976067921035E-03
-8.754785496426014E-03
-8.769546782927113E-03
-8.784258562376815E-03
-8.798919111630572E-03
-8.813526340360355E-03
-8.828077799337763E-03
-8.842570699767313E-03
-8.857001965564035E-03
-8.871368313600213E-03
-8.885666372357137E-03
-8.899892847329801E-03
-8.914044738136907E-03
-8.928119607585659E-03
-8.942115896930215E-03
-8.956033274244756E-03
-8.969872994206592E-03
-8.983638237651650E-03
-8.997334388024289E-03
-9.010969189295219E-03
-9.024552759969740E-03
-9.038097421159852E-03
-9.051617339616866E-03
-9.065127980796797E-03
-9.078645476227193E-03
-9.092185906921858E-03
-9.105764610996598E-03
-9.119395590790060E-03
-9.133091065891264E-03
-9.146861193519528E-03
-9.160713956693437E-03
-9.174655203562948E-03
-9.188688808162959E-03
-9.202816913677454E-03
-9.217040214080954E-03
-9.231358228748014E-03
-9.245769597483579E-03
-9.260272317384232E-03
-9.274863959475885E-03
-9.289541842039437E-03
-9.304303168512745E-03
-9.319145131320226E-03
-9.334064987152304E-03
-9.349060108781790E-03
-9.364128018041106E-03
-9.379266404093509E-03
-9.394473130612591E-03
-9.409746234937830E-03
-9.425083921699547E-03
-9.440484552804208E-03
-9.455946635041079E-03
-9.471468805913099E-03
-9.487049819818835E-03
-9.502688533539479E-03
-9.518383892451226E-03
-9.534134917277849E-03
-9.549940691597479E-03
-9.565800350187673E-03
-9.581713068210469E-03
-9.597678051214047E-03
-9.613694525906711E-03
-9.629761731641640E-03
-9.645878912538312E-03
-9.662045310157496E-03
-9.678260156642055E-03
-9.694522668235190E-03
-9.710832039091191E-03
-9.727187435301300E-03
-9.743587989026466E-03
-9.760032792654937E-03
-9.776520892893555E-03
-9.793051284672274E-03
-9.809622904786567E-03
-9.826234625133464E-03
-9.842885245435811E-03
-9.859573485333504E-03
-9.876297975708180E-03
-9.893057249099654E-03
-9.909849729067714E-03
-9.926673718352199E-03
-9.943527385687290E-03
-9.960408751132778E-03
-9.977315669795683E-03
-9.994245813830016E-03
-1.001119665270177E-02
-1.002816543189077E-02
-1.004514914945096E-02
-1.006214453260297E-02
-1.007914801213662E-02
-1.009615569787964E-02
-1.011316335573685E-02
-1.013016638785972E-02
-1.014715981850951E-02
-1.016413828912925E-02
-1.018109606703961E-02
-1.019802707302227E-02
-1.021492493385068E-02
-1.023178306657297E-02
-1.024859480204457E-02
-1.026535355584965E-02
-1.028205304784649E-02
-1.029868757978284E-02
-1.031525233868735E-02
-1.033174377884790E-02
-1.034815995790003E-02
-1.036450088226071E-02
-1.038076878924086E-02
-1.039696830913492E-02
-1.041310646765698E-02
-1.042919250727103E-02
-1.044523752524730E-02
-1.046125394666753E-02
-1.047725487209984E-02
-1.049325336226764E-02
-1.050926174574807E-02
-1.052529106055220E-02
-1.054135058249987E-02
-1.055744756382837E-02
-1.057358712931222E-02
-1.058977232581146E-02
-1.060600428509315E-02
-1.062228246725819E-02
-1.063860494346090E-02
-1.065496868689335E-02
-1.067136985001550E-02
-1.068780401374543E-02
-1.070426640078131E-02
-1.072075205040861E-02
-1.073725595605203E-02
-1.075377316946172E-02
-1.077029887677830E-02
-1.078682845179927E-02
-1.080335748805235E-02
-1.081988181896338E-02
-1.083639752541398E-02
-1.085290093592555E-02
-1.086938862104219E-02
-1.088585738402502E-02
-1.090230424918284E-02
-1.091872644886589E-02
-1.093512140988954E-02
-1.095148673993527E-02
-1.096782021429462E-02
-1.098411976318041E-02
-1.100038345972663E-02
-1.101660950873491E-02
-1.103279623620111E-02
-1.104894207967061E-02
-1.106504557920933E-02
-1.108110536908910E-02
-1.109712017002957E-02
-1.111308878194534E-02
-1.112901007710221E-02
-1.114488299360184E-02
-1.116070652910481E-02
-1.117647973470224E-02
-1.119220170884489E-02
-1.120787159123650E-02
-1.122348855659531E-02
-1.123905180818384E-02
-1.125456057100236E-02
-1.127001408453573E-02
-1.128541159493692E-02
-1.130075234652312E-02
-1.131603557245773E-02
-1.133126048445925E-02
-1.134642626147281E-02
-1.136153203695451E-02
-1.137657688494826E-02
-1.139155980451135E-02
-1.140647970248038E-02
-1.142133537451652E-02
-1.143612548437749E-02