-2.931056623471520E+01
-2.920157953906056E+01
-2.908417778298714E+01
-2.895858347294692E+01
-2.882503373292671E+01
-2.868375898414741E+01
-2.853495123899903E+01
-2.837873030198787E+01
-2.821512217442837E+01
-2.804406177123844E+01
-2.786542032215539E+01
-2.767904499262721E+01
-2.748479452702347E+01
-2.728256106238777E+01
-2.707227737427590E+01
-2.685391428826726E+01
-2.662747383621027E+01
-2.639298213271148E+01
-2.615048398507356E+01
-2.590003983102953E+01
-2.564172479597695E+01
-2.537562927780220E+01
-2.510186033078234E+01
-2.482054315106986E+01
-2.453182213928581E+01
-2.423586129547069E+01
-2.393284400421853E+01
-2.362297246309953E+01
-2.330646695988379E+01
-2.298356482401010E+01
-2.265451816965986E+01
-2.231958867819304E+01
-2.197903708396048E+01
-2.163310555140056E+01
-2.128199370225362E+01
-2.092583369622336E+01
-2.056467417265932E+01
-2.019848266813781E+01
-1.982716888436479E+01
-1.945062073465877E+01
-1.906873939084031E+01
-1.868146251140734E+01
-1.828877270381749E+01
-1.789069474001522E+01
-1.748728723755222E+01
-1.707863350791224E+01
-1.666483425039280E+01
-1.624600309361982E+01
-1.582226498941652E+01
-1.539375696828648E+01
-1.496063051653181E+01
-1.452305467947429E+01
-1.408121891017926E+01
-1.363533472875374E+01
-1.318563549541938E+01
-1.273237400689036E+01
-1.227581804966402E+01
-1.181624426808840E+01
-1.135393058178504E+01
-1.088914698315976E+01
-1.042214419709443E+01
-9.953139914322016E+00
-9.482303572487561E+00
-9.009742874767904E+00
-8.535497292266015E+00
-8.059543692472827E+00
-7.581815581765937E+00
-7.102231513291454E+00
-6.620723859739883E+00
-6.137259571103796E+00
-5.651849116350917E+00
-5.164545006563385E+00
-4.675434168408859E+00
-4.184628556636997E+00
-3.692257018844424E+00
-3.198459877163260E+00
-2.703386598399525E+00
-2.207196318782754E+00
-1.710060654394100E+00
-1.212167944472266E+00
-7.137277389141553E-01
-2.149740114017858E-01
2.838345360638590E-01
7.824183583573218E-01
1.280485505102346E+00
1.777743739497020E+00
2.273914464883874E+00
2.768746316748372E+00
3.262026778846829E+00
3.753590959224557E+00
4.243327066645859E+00
4.731177887889325E+00
5.217137056122413E+00
5.701238946441442E+00
6.183542292194240E+00
6.664109856979246E+00
7.142988465591033E+00
7.620193959530013E+00
8.095703839690374E+00
8.569457562881693E+00
9.041362230088136E+00
9.511300593458710E+00
9.979138734682598E+00
1.044473173437731E+01
1.090792656842421E+01
1.136856209716503E+01
1.182646641245470E+01
1.228145216282976E+01
1.273331096718106E+01
1.318180870150198E+01
1.362668409740058E+01
1.406765321273282E+01
1.450442129974846E+01
1.493670122357176E+01
1.536423471221422E+01
1.578681102568262E+01
1.620427838656250E+01
1.661654633091552E+01
1.702358019428853E+01
1.742539055663825E+01
1.782202031258401E+01
1.821353098939496E+01
1.859998908838429E+01
1.898145308975478E+01
1.935796213838064E+01
1.972952773643752E+01
2.009612952811547E+01
2.045771543404575E+01
2.081420536608014E+01
2.116549701478390E+01
2.151147200462955E+01
2.185200098106638E+01
2.218694667830788E+01
2.251616449449470E+01
2.283950049322411E+01
2.315678712958894E+01
2.346783752837958E+01
2.377243997151909E+01
2.407035532860674E+01
2.436132098632687E+01
2.464506435158111E+01
2.492132616311662E+01
2.518988894640364E+01
2.545060167638835E+01
2.570339174091196E+01
2.594826059176336E+01
2.618526655319552E+01
2.641450232909589E+01
2.663607410835180E+01
2.685008579379339E+01
2.705662863992208E+01
2.725577494039494E+01
2.744757426347514E+01
2.763205133953305E+01
2.780920536057041E+01
2.797901077680724E+01
2.814141960385425E+01
2.829636493562035E+01
2.844376501938449E+01
2.858352706327556E+01
2.871554996588695E+01
2.883972533727535E+01
2.895593645195307E+01
2.906405512338615E+01
2.916393699262066E+01
2.925541652098691E+01
2.933830413940681E+01
2.941238925247901E+01
2.947745313927347E+01
2.953329362282655E+01
2.957975778339288E+01
2.961677211052114E+01
2.964435691386501E+01
2.966261779707402E+01
2.967171840447543E+01
2.967184674682834E+01
2.966318696599630E+01
2.964590210640064E+01
2.962012720807288E+01
2.958596903601175E+01
2.954350871285903E+01
2.949280481201780E+01
2.943389585617492E+01
2.936680212823767E+01
2.929152716069131E+01
2.920805931999134E+01
2.911637369219592E+01
2.901643416233770E+01
2.890819530563736E+01
2.879160357155143E+01
2.866659728340153E+01
2.853310520397982E+01
2.839104384773527E+01
2.824031440841517E+01
2.808080116989855E+01
2.791237444780598E+01
2.773490182878248E+01
2.754827035197454E+01
2.735241781952289E+01
2.714736418744870E+01
2.693322874282613E+01
2.671022210470163E+01
2.647861453255453E+01
2.623869443759638E+01
2.599073342946206E+01
2.573496674479298E+01
2.547158850372101E+01
2.520075619067284E+01
2.492259851146243E+01
2.463722280822151E+01
2.434472036611468E+01
2.404516939256300E+01
2.373863618871343E+01
2.342517529298748E+01
2.310482934430175E+01
2.277762919745440E+01
2.244359450630709E+01
2.210273466456186E+01
2.175504976858397E+01
2.140053124007817E+01
2.103916198072420E+01
2.067091644578747E+01
2.029576179004951E+01
1.991366211909099E+01
1.952458846620465E+01
1.912853656154250E+01
1.872555166419039E+01
1.831575447637858E+01
1.789935697506777E+01
1.747665714186993E+01
1.704801028966590E+01
1.661378726726035E+01
1.617433615981142E+01
1.572995950186737E+01
1.528090891578092E+01
1.482739167454785E+01
1.436958198849061E+01
1.390763180400191E+01
1.344167863791129E+01
1.297184993802594E+01
1.249826447525776E+01
1.202103166770958E+01
1.154024983561053E+01
1.105600434869565E+01
1.056836648352340E+01
1.007739354140973E+01
9.583130411070027E+00
9.085612397831431E+00
8.584868943106081E+00
8.080927961942434E+00
7.573820953158229E+00
7.063589635025576E+00
6.550295288043901E+00
6.034031727686231E+00
5.514941333297075E+00
4.993230707186817E+00
4.469179445469631E+00
3.943134818870554E+00
3.415489391200121E+00
2.886646729542906E+00
2.356986881779367E+00
1.826842925044086E+00
1.296493216172387E+00
7.661665667565672E-01
2.360539793980811E-01
-2.936788833710370E-01
-8.228819265981664E-01
-1.351414724625512E+00
-1.879144314186065E+00
-2.405945896363809E+00
-2.931705450709676E+00
-3.456323154527665E+00
-3.979716395689743E+00
-4.501821131228005E+00
-5.022590525368637E+00
-5.541990311673212E+00
-6.059991103384204E+00
-6.576558641010185E+00
-7.091643345363905E+00
-7.605170347544201E+00
-8.117030580853640E+00
-8.627073044120014E+00
-9.135098488265104E+00
-9.640855681407219E+00
-1.014404258810786E+01
-1.064431517223333E+01
-1.114130500150607E+01
-1.163464338967873E+01
-1.212398625870870E+01
-1.260903284636574E+01
-1.308953389062677E+01
-1.356528934144975E+01
-1.403613916194054E+01
-1.450195182576520E+01
-1.496261411991242E+01
-1.541802414613954E+01
-1.586808798662214E+01
-1.631271966958005E+01
-1.675184368408372E+01
-1.718539906531554E+01
-1.761334379063662E+01
-1.803565785137618E+01
-1.845234307259382E+01
-1.886341791748211E+01
-1.926890651514887E+01
-1.966882299565906E+01
-2.006315422170704E+01
-2.045184502173733E+01
-2.083478928848341E+01
-2.121182819342253E+01
-2.158275460252080E+01
-2.194732174560188E+01
-2.230525447360051E+01
-2.265626228837763E+01
-2.300005379214114E+01
-2.333635180675185E+01
-2.366490745396865E+01
-2.398551080508330E+01
-2.429799605489584E+01
-2.460224059522815E+01
-2.489815912849143E+01
-2.518569515427595E+01
-2.546481234457375E+01
-2.573548770450637E+01
-2.599770751108571E+01
-2.625146624509944E+01
-2.649676821432840E+01
-2.673363121546954E+01
-2.696209120759973E+01
-2.718220642119032E+01
-2.739405863218930E+01
-2.759774885498350E+01
-2.779338519525265E+01
-2.798106281123069E+01
-2.816083970852659E+01
-2.833271557512476E+01
-2.849662123587395E+01
-2.865242239439271E+01
-2.879993538426256E+01
-2.893894861566738E+01
-2.906924332311009E+01
-2.919060994141885E+01
-2.930285946142089E+01
-2.940583081850700E+01
-2.949939558359111E+01
-2.958346062817296E+01
-2.965796878697508E+01
-2.972289730973348E+01
-2.977825415140437E+01
-2.982407266547376E+01
-2.986040570381084E+01
-2.988732026308181E+01
-2.990489363226416E+01
-2.991321161864315E+01
-2.991236900964993E+01
-2.990247202771207E+01
-2.988364210344872E+01
-2.985601970859942E+01
-2.981976617955554E+01
-2.977506059974415E+01
-2.972208856518762E+01
-2.966102120849321E+01
-2.959198707884160E+01
-2.951504522066961E+01
-2.943017097284789E+01
-2.933726235139819E+01