5.354959501569486E+00
5.354770097180832E+00
5.354127949048570E+00
5.353819236561195E+00
5.354283925315896E+00
5.355161185674639E+00
5.355661393142105E+00
5.355385909012669E+00
5.354742662715740E+00
5.354520205901231E+00
5.355068372390702E+00
5.355937711979062E+00
5.356344995930938E+00
5.355986141431206E+00
5.355354170843126E+00
5.355226291713579E+00
5.355855517260200E+00
5.356709508514575E+00
5.357021930927571E+00
5.356587412633381E+00
5.355975901539863E+00
5.355940888383373E+00
5.356637229320778E+00
5.357461671683851E+00
5.357678202423848E+00
5.357182304894221E+00
5.356609304679496E+00
5.356673493529691E+00
5.357426884836698E+00
5.358206173631715E+00
5.358319850005923E+00
5.357767721937769E+00
5.357242412912162E+00
5.357408437664446E+00
5.358212725885883E+00
5.358940887646151E+00
5.358955846882786E+00
5.358359742169096E+00
5.357890046678968E+00
5.358151959049430E+00
5.358990239589039E+00
5.359653324789898E+00
5.359571651144340E+00
5.358948322951306E+00
5.358550332250554E+00
5.358910076624730E+00
5.359771256169927E+00
5.360357271405889E+00
5.360176990530508E+00
5.359534035546833E+00
5.359213506598957E+00
5.359666517483120E+00
5.360540919649438E+00
5.361047569224007E+00
5.360779062029235E+00
5.360131579359918E+00
5.359894301754031E+00
5.360429787163480E+00
5.361298277547961E+00
5.361715184261013E+00
5.361364884264752E+00
5.360728706607095E+00
5.360585807936712E+00
5.361202010957635E+00
5.362054532975513E+00
5.362375312106101E+00
5.361946876360184E+00
5.361329113284232E+00
5.361280227531354E+00
5.361967660159527E+00
5.362794325120268E+00
5.363020094107778E+00
5.362528110293918E+00
5.361944933660952E+00
5.361992692525698E+00
5.362737508065247E+00
5.363520319993888E+00
5.363644112599823E+00
5.363096814018426E+00
5.362562584376513E+00
5.362713322251526E+00
5.363509784099328E+00
5.364240832708289E+00
5.364262905681268E+00
5.363668419513472E+00
5.363188865847917E+00
5.363436790657507E+00
5.364270400114047E+00
5.364939891106967E+00
5.364866608258825E+00
5.364243179787380E+00
5.363832494138197E+00
5.364176217953665E+00
5.365031759225264E+00
5.365624634892280E+00
5.365453933896732E+00
5.364811309328710E+00
5.364478944161342E+00
5.364918126943612E+00
5.365788643649316E+00
5.366301643366715E+00
5.366039785268188E+00
5.365388892313289E+00
5.365137458560941E+00
5.365660567556540E+00
5.366529562650598E+00
5.366955876152412E+00
5.366612577894136E+00
5.365971783692625E+00
5.365812831474186E+00
5.366415410193304E+00
5.367268055308468E+00
5.367597614877795E+00
5.367174905724671E+00
5.366552680055092E+00
5.366490526919922E+00
5.367167357695525E+00
5.367995823470642E+00
5.368229803058733E+00
5.367740000031327E+00
5.367148564074926E+00
5.367181836095321E+00
5.367917437099527E+00
5.368704515773343E+00
5.368838895649671E+00
5.368295233446883E+00
5.367752217895448E+00
5.367887341392696E+00
5.368674022985362E+00
5.369408020596735E+00
5.369438984418886E+00
5.368847059849188E+00
5.368358767922199E+00
5.368593023975415E+00
5.369420368556233E+00
5.370095750941178E+00
5.370030705088753E+00
5.369406159388619E+00
5.368983192647607E+00
5.369311416402780E+00
5.370161789613110E+00
5.370763447146228E+00
5.370602650291683E+00
5.369959060379375E+00
5.369614596400888E+00
5.370039149555109E+00
5.370904556347037E+00
5.371424692245188E+00
5.371170023604154E+00
5.370515339419621E+00
5.370251846176950E+00
5.370763992202212E+00
5.371631720855374E+00
5.372066921973571E+00
5.371729941627426E+00
5.371082604855865E+00
5.370908746718914E+00
5.371499131785226E+00
5.372351023715266E+00
5.372690088002312E+00
5.372274622327387E+00
5.371647506002396E+00
5.371571622918323E+00
5.372237210623000E+00
5.373065220076710E+00
5.373306954254467E+00
5.372821072447023E+00
5.372222068726893E+00
5.372241610204624E+00
5.372968448432315E+00
5.373758935270990E+00
5.373903992729203E+00
5.373363465293314E+00
5.372809970968678E+00
5.372929224556987E+00
5.373706214524207E+00
5.374443562729585E+00
5.374485419610544E+00
5.373896738380921E+00
5.373398443125495E+00
5.373619081653925E+00
5.374439920898650E+00
5.375119126253021E+00
5.375062239167216E+00
5.374437140396019E+00
5.374001171017413E+00
5.374315907710901E+00
5.375163072613963E+00
5.375771967570516E+00
5.375620486667525E+00
5.374975921995262E+00
5.374617704038408E+00
5.375027500194240E+00
5.375888529494389E+00
5.376415021982897E+00
5.376168233463308E+00
5.375512060804808E+00
5.375236704468997E+00
5.375737224473918E+00
5.376602986300943E+00
5.377045101832286E+00
5.376714107273783E+00
5.376061375355651E+00
5.375872654734037E+00
5.376451548364851E+00
5.377303573227121E+00
5.377652185259114E+00
5.377244712994651E+00
5.376612353231860E+00
5.376520631785021E+00
5.377174321815557E+00
5.378002185636880E+00
5.378251729532032E+00
5.377771439003661E+00
5.377166173464428E+00
5.377171108235398E+00
5.377889716969624E+00
5.378684101653602E+00
5.378837625840614E+00
5.378299549663063E+00
5.377736046256071E+00
5.377838689329327E+00
5.378607546520248E+00
5.379350450105299E+00
5.379402339212069E+00
5.378816605762566E+00
5.378309074624861E+00
5.378514685151464E+00
5.379327953158588E+00
5.380011248840767E+00
5.379961686122939E+00
5.379336699825133E+00
5.378890303613234E+00
5.379192027643793E+00
5.380035386351378E+00
5.380651117644486E+00
5.380507607327036E+00
5.379861648723214E+00
5.379489986910903E+00
5.379884339918370E+00
5.380741283350833E+00
5.381275397253286E+00
5.381037170596531E+00
5.380380592692416E+00
5.380093135674903E+00
5.380579569061871E+00
5.381442609916388E+00
5.381892034185889E+00
5.381566301843038E+00
5.380909112843685E+00
5.380706931869940E+00
5.381273706900614E+00
5.382126695583191E+00
5.382486034955643E+00
5.382084322177775E+00
5.381445153508389E+00
5.381338026579812E+00
5.381978922095012E+00
5.382807103781707E+00
5.383066544409347E+00
5.382591526189186E+00
5.381979885133441E+00
5.381971477354815E+00
5.382680768453675E+00
5.383477284044893E+00
5.383638819601819E+00
5.383102478629723E+00
5.382529453245184E+00
5.382617461079006E+00
5.383378614179389E+00
5.384126808647737E+00
5.384188971010356E+00
5.383605440928923E+00
5.383088142533203E+00
5.383278341711999E+00
5.384082384462778E+00
5.384769897209166E+00
5.384729481987973E+00
5.384105325103215E+00
5.383649555727210E+00
5.383938522138131E+00
5.384775976936538E+00
5.385397887219811E+00
5.385262898224708E+00
5.384614339764035E+00
5.384229066459555E+00
5.384609500120174E+00
5.385462418030700E+00
5.386005079450383E+00
5.385777233518859E+00
5.385118570900479E+00
5.384817233667347E+00
5.385290046969494E+00
5.386149372990030E+00
5.386605879896279E+00
5.386287175720121E+00
5.385625759730360E+00
5.385410498292324E+00
5.385966802649993E+00
5.386820250682372E+00
5.387188501658590E+00
5.386792020538459E+00
5.386145497043549E+00
5.386022937800380E+00
5.386652512903378E+00
5.387481390538952E+00
5.387750917179097E+00
5.387282396323678E+00
5.386664232949877E+00
5.386641973459477E+00
5.387341134387496E+00
5.388137665681109E+00
5.388307309431494E+00
5.387774610020907E+00
5.387192624868437E+00
5.387266794166367E+00
5.388021004895363E+00
5.388773218954118E+00
5.388845212557632E+00
5.388264694683431E+00
5.387735807860722E+00
5.387909189075938E+00
5.388705634754151E+00
5.389397789423892E+00
5.389367262643233E+00
5.388746087961564E+00
5.388279820191430E+00
5.388554248627077E+00
5.389386205523070E+00
5.390013414680554E+00
5.389885766161414E+00
5.389235463969315E+00
5.388837241230797E+00
5.389204227674870E+00
5.390054710991421E+00
5.390605899064768E+00
5.390386812852025E+00
5.389725599422225E+00
5.389409625473310E+00
5.389868187433407E+00
5.390724391591638E+00
5.391187747391056E+00
5.390876789481513E+00
5.390213089944020E+00
5.389984700504876E+00
5.390529836564580E+00
5.391382878337446E+00
5.391757922491234E+00
5.391366325434408E+00
5.390714097874944E+00
5.390576122121461E+00
5.391194267480122E+00
5.392025363924512E+00
5.392304836698951E+00
5.391842366091367E+00
5.391218468683754E+00
5.391180257941942E+00
5.391867111062304E+00
5.392664991464870E+00
5.392843388811203E+00
5.392314793902448E+00
5.391725740338175E+00
5.391785822727851E+00
5.392531832869722E+00
5.393288495303490E+00
5.393369631132286E+00