-2.948453616031408E+01
-2.960728368550996E+01
-2.970995189573592E+01
-2.977846666322109E+01
-2.979776066317167E+01
-2.975350402611161E+01
-2.963467926097967E+01
-2.943632625355588E+01
-2.916129506215741E+01
-2.882002213991888E+01
-2.842829975697117E+01
-2.800405203228328E+01
-2.756443440841764E+01
-2.712405748840988E+01
-2.669439523657711E+01
-2.628399267438508E+01
-2.589901947739876E+01
-2.554384626002306E+01
-2.522147987824223E+01
-2.493380943664737E+01
-2.468167993895739E+01
-2.446484171651682E+01
-2.428183487587093E+01
-2.412986547973111E+01
-2.400471611976173E+01
-2.390071079215787E+01
-2.381072938833845E+01
-2.372625123472756E+01
-2.363741097946750E+01
-2.353308101839714E+01
-2.340105221349403E+01
-2.322845534772575E+01
-2.300261320965133E+01
-2.271247060037182E+01
-2.235054053469852E+01
-2.191492731468270E+01
-2.141062910778202E+01
-2.084933836132539E+01
-2.024754706397930E+01
-1.962361315991160E+01
-1.899490833396768E+01
-1.837592678692721E+01
-1.777759459498651E+01
-1.720749351204764E+01
-1.667053476476492E+01
-1.616970056997280E+01
-1.570663560418513E+01
-1.528200694429973E+01
-1.489563208918312E+01
-1.454641495597507E+01
-1.423215000967106E+01
-1.394926733368794E+01
-1.369259837204659E+01
-1.345523836409840E+01
-1.322856213527811E+01
-1.300241689112215E+01
-1.276548116527539E+01
-1.250576085512320E+01
-1.221120329069126E+01
-1.187044309577311E+01
-1.147372193808935E+01
-1.101400559713819E+01
-1.048821912044717E+01
-9.898340680417686E+00
-9.251927568122014E+00
-8.561656229016378E+00
-7.843755374106825E+00
-7.115693884527301E+00
-6.393839060934120E+00
-5.691766565037433E+00
-5.019531116903551E+00
-4.383784344687331E+00
-3.788392706868604E+00
-3.235198663143297E+00
-2.724680090376982E+00
-2.256388841917813E+00
-1.829138226688073E+00
-1.440958403876607E+00
-1.088865933565671E+00
-7.685168031506016E-01
-4.738395586993881E-01
-1.967719941819853E-01
7.276573912077001E-02
3.465574359904606E-01
6.374070202752480E-01
9.581554458502810E-01
1.320550568982513E+00
1.734144135109157E+00
2.205349292667315E+00
2.736728906445085E+00
3.326552056113349E+00
3.968675631520009E+00
4.652849436436399E+00
5.365539477981214E+00
6.091261861857039E+00
6.814237470880745E+00
7.520017548737938E+00
8.196708962384315E+00
8.835574493183973E+00
9.431010826385942E+00
9.980088132083852E+00
1.048190106438031E+01
1.093694641033965E+01
1.134666402301804E+01
1.171320316902639E+01
1.203942520555117E+01
1.232912105550712E+01
1.258739307008263E+01
1.282111101861447E+01
1.303929713767898E+01
1.325324199283635E+01
1.347614301069564E+01
1.372214167109889E+01
1.400482822336782E+01
1.433551623588650E+01
1.472172696634218E+01
1.516626217030240E+01
1.566701500345697E+01
1.621742024484523E+01
1.680731428108376E+01
1.742398810950779E+01
1.805330150290517E+01
1.868079531447597E+01
1.929274991892841E+01
1.987710708142222E+01
2.042414745324938E+01
2.092683544667984E+01
2.138081051804790E+01
2.178408738158977E+01
2.213658770285322E+01
2.243964187476590E+01
2.269557760227832E+01
2.290747262150710E+01
2.307911003818574E+01
2.321514287260921E+01
2.332144358473995E+01
2.340557128244181E+01
2.347722190967298E+01
2.354843916990032E+01
2.363329711030160E+01
2.374680440934430E+01
2.390301130758239E+01
2.411269847866593E+01
2.438137427817801E+01
2.470830449644392E+01
2.508686830810444E+01
2.550595827032261E+01
2.595181123592620E+01
2.640970925509454E+01
2.686526386307782E+01
2.730526058653173E+01
2.771817420348336E+01
2.809447686664836E+01
2.842681194818183E+01
2.871005312691157E+01
2.894124180454817E+01
2.911940174458856E+01
2.924525570734672E+01
2.932089639092313E+01
2.934947912493400E+01
2.933500218111690E+01
2.928222597145716E+01
2.919676034454580E+01
2.908532082592389E+01
2.895611374459826E+01
2.881924536539261E+01
2.868695563140829E+01
2.857337584783346E+01
2.849348170641975E+01
2.846108947617503E+01
2.848619822559670E+01
2.857254030364246E+01
2.871641165144339E+01
2.890736695060990E+01
2.913043732559581E+01
2.936887004778822E+01
2.960642598548350E+01
2.982878210072325E+01
3.002409469182146E+01
3.018302300831441E+01
3.029851673744559E+01
3.036556598562826E+01
3.038099955217525E+01
3.034333905170119E+01
3.025267914723697E+01
3.011056002485688E+01
2.991981534814881E+01
2.968440443328990E+01
2.940925969064059E+01
2.910019152371371E+01
2.876388948032195E+01
2.840803994129751E+01
2.804154565404854E+01
2.767477645893632E+01
2.731969934526126E+01
2.698964004768493E+01
2.669836990969362E+01
2.645830299362424E+01
2.627795084653274E+01
2.615937058466287E+01
2.609676847076611E+01
2.607715029073416E+01
2.608289794113103E+01
2.609514255153293E+01
2.609660626832333E+01
2.607319342901403E+01
2.601437612230191E+01
2.591282967488922E+01
2.576379349521997E+01
2.556446771184571E+01
2.531358106205138E+01
2.501114786521149E+01
2.465837182928815E+01
2.425763330130808E+01
2.381249919402656E+01
2.332771229936696E+01
2.280914247553662E+01
2.226370867435418E+01
2.169929909842077E+01
2.112471894328989E+01
2.054967612560001E+01
1.998477353194966E+01
1.944141401525278E+01
1.893145283817779E+01
1.846638450962096E+01
1.805589596354211E+01
1.770584533221329E+01
1.741615251810147E+01
1.717950924969308E+01
1.698180450168356E+01
1.680445246611643E+01
1.662778728010392E+01
1.643417353675842E+01
1.620985562723114E+01
1.594539038588778E+01
1.563511022420485E+01
1.527620212252724E+01
1.486782616853823E+01
1.441047495766107E+01
1.390561526368020E+01
1.335557088634692E+01
1.276357347604323E+01
1.213390012796078E+01
1.147201957308508E+01
1.078468051685950E+01
1.007989737000116E+01
9.366818418933420E+00
8.655490958515831E+00
7.956553987451213E+00
7.280880628125328E+00
6.639157732282436E+00
6.041341453743333E+00
5.495892728577950E+00
5.008717614758955E+00
4.581859105583606E+00
4.212218896970187E+00
3.890839009973911E+00
3.603328740570693E+00
3.331678582889789E+00
3.057042140153685E+00
2.762536878902026E+00
2.435144814085844E+00
2.066336665966225E+00
1.651645326253375E+00
1.189705955382081E+00
6.812365501765995E-01
1.282377398127367E-01
-4.664924618981962E-01
-1.099543827373981E+00
-1.766842638472446E+00
-2.463445002249855E+00
-3.183264763098142E+00
-3.918834521351902E+00
-4.661201200488383E+00
-5.400042849824454E+00
-6.124051816158655E+00
-6.821566037714255E+00
-7.481368016623760E+00
-8.093540191663166E+00
-8.650281439414210E+00
-9.146637105969782E+00
-9.581133665701479E+00
-9.956297549027045E+00
-1.027896423521132E+01
-1.056018777356933E+01
-1.081453050744166E+01
-1.105863726638323E+01
-1.130927811468505E+01
-1.158133261850217E+01
-1.188627449364696E+01
-1.223151174350622E+01
-1.262057811157513E+01
-1.305388622741744E+01
-1.352966788740378E+01
-1.404480804129395E+01
-1.459541858391767E+01
-1.517711411126886E+01
-1.578501926916798E+01
-1.641356874546163E+01
-1.705617948916018E+01
-1.770489757691268E+01
-1.835015267218628E+01
-1.898077681803012E+01
-1.958443093480055E+01
-2.014850091778634E+01
-2.066137520623199E+01
-2.111385263243958E+01
-2.150034678871408E+01
-2.181961337319471E+01
-2.207489881112111E+01
-2.227358448911775E+01
-2.242648494784047E+01
-2.254693547979863E+01
-2.264973545580131E+01
-2.274997611796339E+01
-2.286181383159660E+01
-2.299732776235106E+01
-2.316565642203516E+01
-2.337257933661884E+01
-2.362059460881811E+01
-2.390939961963979E+01
-2.423658516785264E+01
-2.459833850550437E+01
-2.499000104210759E+01
-2.540640002061442E+01
-2.584193668051832E+01
-2.629045544871055E+01
-2.674494722640835E+01
-2.719717028155028E+01
-2.763731688648217E+01
-2.805391030760275E+01
-2.843415542415231E+01
-2.876492665637929E+01
-2.903439741488292E+01
-2.923400823371491E+01
-2.936018769051197E+01
-2.941520989897895E+01
-2.940689033881412E+01
-2.934730519509606E+01
-2.925104748826944E+01
-2.913353984963195E+01
-2.900970254062135E+01
-2.889302945885908E+01
-2.879498654017637E+01
-2.872462936601931E+01
-2.868838539427079E+01
-2.868999892481606E+01
-2.873065575807529E+01
-2.880928354614634E+01
-2.892298192480407E+01
-2.906750083906902E+01
-2.923767436904627E+01
-2.942773244208334E+01
-2.963144348203108E+01
-2.984207519676358E+01
-3.005219324244309E+01
-3.025335261143453E+01
-3.043578406686989E+01
-3.058824383991890E+01
-3.069826494649664E+01
-3.075306829882116E+01
-3.074126572307219E+01
-3.065514372232207E+01
-3.049284974905814E+01
-3.025954430095848E+01
-2.996687959729850E+01
-2.988626570332108E+01