6.131466820352264E+06
6.178628634731364E+06
6.220872334030196E+06
6.258165328837279E+06
6.290479060930975E+06
6.317789023678282E+06
6.340074778754383E+06
6.357319969179492E+06
6.369512328672457E+06
6.376643687326154E+06
6.378709973613944E+06
6.375711212740681E+06
6.367651521356263E+06
6.354539098653859E+06
6.336386213879257E+06
6.313209190281708E+06
6.285028385540739E+06
6.251868168707172E+06
6.213756893700392E+06
6.170726869407549E+06
6.122814326433957E+06
6.070059380557197E+06
6.012505992940564E+06
5.950201927165169E+06
5.883198703142233E+06
5.811551547970419E+06
5.735319343805550E+06
5.654564572812582E+06
5.569353259272087E+06
5.479754908915693E+06
5.385842445567013E+06
5.287692145166431E+06
5.185383567259930E+06
5.078999484033685E+06
4.968625806977559E+06
4.854351511262013E+06
4.736268557913898E+06
4.614471813877676E+06
4.489058970049612E+06
4.360130457372475E+06
4.227789361079853E+06
4.092141333178688E+06
3.953294503259227E+06
3.811359387721725E+06
3.666448797509164E+06
3.518677744435012E+06
3.368163346194953E+06
3.215024730150815E+06
3.059382935974687E+06
2.901360817240451E+06
2.741082942049280E+06
2.578675492774814E+06
2.414266165012788E+06
2.247984065819219E+06
2.079959611319866E+06
1.910324423773553E+06
1.739211228169646E+06
1.566753748440105E+06
1.393086603365362E+06
1.218345202251986E+06
1.042665640459411E+06
8.661845948518664E+05
6.890392192510739E+05
5.113670399638340E+05
3.333058514579684E+05
1.549936122586429E+05
-2.343165886405855E+04
-2.018319863463491E+05
-3.800695408527926E+05
-5.580067418021858E+05
-7.355063593330309E+05
-9.124316156441569E+05
-1.088646285649821E+06
-1.264014796889216E+06
-1.438402328632496E+06
-1.611674910127163E+06
-1.783699517930068E+06
-1.954344172272436E+06
-2.123478032406203E+06
-2.290971490882002E+06
-2.456696266709864E+06
-2.620525497355551E+06
-2.782333829526141E+06
-2.941997508700065E+06
-3.099394467357151E+06
-3.254404411866166E+06
-3.406908907987155E+06
-3.556791464948297E+06
-3.703937618056037E+06
-3.848235009799458E+06
-3.989573469410226E+06
-4.127845090840511E+06
-4.262944309121482E+06
-4.394767975066416E+06
-4.523215428283170E+06
-4.648188568461545E+06
-4.769591924902126E+06
-4.887332724253681E+06
-5.001320956427533E+06
-5.111469438657500E+06
-5.217693877675176E+06
-5.319912929970339E+06
-5.418048260104854E+06
-5.512024597053029E+06
-5.601769788535077E+06
-5.687214853314754E+06
-5.768294031431310E+06
-5.844944832335502E+06
-5.917108080900449E+06
-5.984727961279079E+06
-6.047752058580693E+06
-6.106131398340058E+06
-6.159820483752992E+06
-6.208777330653418E+06
-6.252963500207080E+06
-6.292344129298113E+06
-6.326887958584826E+06
-6.356567358201127E+06
-6.381358351080339E+06
-6.401240633880146E+06
-6.416197595485523E+06
-6.426216333068691E+06
-6.431287665685041E+06
-6.431406145384762E+06
-6.426570065820477E+06
-6.416781468331944E+06
-6.402046145489663E+06
-6.382373642079942E+06
-6.357777253514955E+06
-6.328274021652167E+06
-6.293884728008441E+06
-6.254633884355300E+06
-6.210549720682703E+06
-6.161664170519993E+06
-6.108012853603901E+06
-6.049635055884623E+06
-5.986573706862398E+06
-5.918875354248563E+06
-5.846590135946287E+06
-5.769771749347991E+06
-5.688477417947898E+06
-5.602767855269985E+06
-5.512707226113291E+06
-5.418363105118465E+06
-5.319806432661284E+06
-5.217111468080882E+06
-5.110355740252573E+06
-4.999619995517118E+06
-4.884988142980736E+06
-4.766547197202176E+06
-4.644387218285680E+06
-4.518601249401201E+06
-4.389285251755245E+06
-4.256538037038900E+06
-4.120461197381597E+06
-3.981159032842387E+06
-3.838738476472609E+06
-3.693309016987134E+06
-3.544982619083885E+06
-3.393873641454168E+06
-3.240098752529357E+06
-3.083776844012372E+06
-2.925028942245129E+06
-2.763978117466412E+06
-2.600749391017303E+06
-2.435469640554588E+06
-2.268267503334980E+06
-2.099273277636983E+06
-1.928618822388917E+06
-1.756437455075677E+06
-1.582863847998992E+06
-1.408033922969401E+06
-1.232084744510561E+06
-1.055154411659390E+06
-8.773819484487399E+05
-6.989071931612864E+05
-5.198706864465848E+05
-3.404135583953559E+05
-1.606774146676287E+05
1.919577822609246E+04
1.990638083893359E+05
3.787843346465379E+05
5.582150031868368E+05
7.372135646369681E+05
9.156379914545864E+05
1.093346595530972E+06
1.270198145890564E+06
1.446051986374050E+06
1.620768153189734E+06
1.794207492217526E+06
1.966231775948592E+06
2.136703819943205E+06
2.305487598688953E+06
2.472448360740677E+06
2.637452743023925E+06
2.800368884183362E+06
2.961066536857761E+06
3.119417178764068E+06
3.275294122473188E+06
3.428572623761199E+06
3.579129988420509E+06
3.726845677416943E+06
3.871601410280086E+06
4.013281266615607E+06
4.151771785630278E+06
4.286962063562386E+06
4.418743848912392E+06
4.547011635370899E+06
4.671662752343815E+06
4.792597452977192E+06
4.909718999586910E+06
5.022933746401772E+06
5.132151219531752E+06
5.237284194076061E+06
5.338248768289965E+06
5.434964434732094E+06
5.527354148318563E+06
5.615344391213529E+06
5.698865234490056E+06
5.777850396499176E+06
5.852237297889277E+06
5.921967113222230E+06
5.986984819136839E+06
6.047239239014883E+06
6.102683084109452E+06
6.153272991100106E+06
6.198969556044143E+06
6.239737364698311E+06
6.275545019190306E+06
6.306365161024731E+06
6.332174490411291E+06
6.352953781911649E+06
6.368687896398803E+06
6.379365789332110E+06
6.384980515353417E+06
6.385529229212637E+06
6.381013183036189E+06
6.371437719956479E+06
6.356812264125241E+06
6.337150307138069E+06
6.312469390901832E+06
6.282791086980869E+06
6.248140972461883E+06
6.208548602381460E+06
6.164047478763796E+06
6.114675016318807E+06
6.060472504853867E+06
6.001485068458445E+06
5.937761621519863E+06
5.869354821633990E+06
5.796321019476585E+06
5.718720205703691E+06
5.636615954951928E+06
5.550075367011920E+06
5.459169005250180E+06
5.363970832356857E+06
5.264558143498542E+06
5.161011496957067E+06
5.053414642336767E+06
4.941854446424056E+06
4.826420816784408E+06
4.707206623182910E+06
4.584307616915572E+06
4.457822348139092E+06
4.327852081287857E+06
4.194500708667133E+06
4.057874662311789E+06
3.918082824200321E+06
3.775236434913829E+06
3.629449000829831E+06
3.480836199940339E+06
3.329515786383763E+06
3.175607493779343E+06
3.019232937453013E+06
2.860515515642338E+06
2.699580309768025E+06
2.536553983858410E+06
2.371564683212787E+06
2.204741932388358E+06
2.036216532594547E+06
1.866120458577517E+06
1.694586755076740E+06
1.521749432933696E+06
1.347743364932455E+06
1.172704181449927E+06
9.967681659924537E+05
8.200721506943181E+05
6.427534118520096E+05
4.649495655669793E+05
2.867984635680169E+05
1.084380892830566E+05
-6.999354577123374E+04
-2.483585052152351E+05
-4.265190305821896E+05
-6.043376435797289E+05
-7.816772477750778E+05
-9.584012296425030E+05
-1.134373558913417E+06
-1.309458888170987E+06
-1.483522651632316E+06
-1.656431163062774E+06
-1.828051712768339E+06
-1.998252663613267E+06
-2.166903546011396E+06
-2.333875151841201E+06
-2.499039627235301E+06
-2.662270564196952E+06
-2.823443090996698E+06
-2.982433961303972E+06
-3.139121642009132E+06
-3.293386399692722E+06
-3.445110385699719E+06
-3.594177719777539E+06
-3.740474572237492E+06
-3.883889244600289E+06
-4.024312248687096E+06
-4.161636384118736E+06
-4.295756814185746E+06
-4.426571140053816E+06
-4.553979473268803E+06
-4.677884506527130E+06
-4.798191582677372E+06
-4.914808761919916E+06
-5.027646887172144E+06
-5.136619647566825E+06
-5.241643640052509E+06
-5.342638429064885E+06
-5.439526604238577E+06
-5.532233836129703E+06
-5.620688929919571E+06
-5.704823877070606E+06
-5.784573904906049E+06
-5.859877524085302E+06
-5.930676573947310E+06
-5.996916265694849E+06
-6.058545223392807E+06
-6.115515522754297E+06
-6.167782727688551E+06
-6.215305924585268E+06
-6.258047754310200E+06
-6.295974441887617E+06
-6.329055823845401E+06
-6.357265373199364E+06
-6.380580222053394E+06
-6.398981181793161E+06
-6.412452760851277E+06
-6.420983180022530E+06
-6.424564385308312E+06
-6.423192058270291E+06
-6.416865623873797E+06
-6.405588255802277E+06
-6.389366879224902E+06
-6.368212171000280E+06
-6.342138557300097E+06
-6.311164208637402E+06
-6.275311032285343E+06
-6.234604662073030E+06
-6.189074445546497E+06
-6.138753428483820E+06
-6.083678336754604E+06
-6.023889555515484E+06
-5.959431105734539E+06
-5.890350618039016E+06
-5.816699303882213E+06
-5.738531924026981E+06
-5.655906754344899E+06