-5.702728562917408E+06
-5.981613930315599E+06
-6.242531730738748E+06
-6.484484509898961E+06
-6.706476274268627E+06
-6.907511880623925E+06
-7.086596841213964E+06
-7.242737610622581E+06
-7.374942434919603E+06
-7.482222860594515E+06
-7.563596020296682E+06
-7.618087834808566E+06
-7.644737296107732E+06
-7.642602024843257E+06
-7.610765326832579E+06
-7.548345006668236E+06
-7.454504231029734E+06
-7.328464767816281E+06
-7.169522956571294E+06
-6.977068786090529E+06
-6.750608459720729E+06
-6.489790808143792E+06
-6.194437850706712E+06
-5.864579693393601E+06
-5.500493764731838E+06
-5.102748108217835E+06
-4.672248049082652E+06
-4.210285016578527E+06
-3.718585624144996E+06
-3.199358304213348E+06
-2.655333911820726E+06
-2.089795848745041E+06
-1.506594570614092E+06
-9.101410296603311E+05
-3.053739122874700E+05
3.023033283777032E+05
9.071175439563598E+05
1.503051957430314E+06
2.083998496887101E+06
2.643927982706606E+06
3.177066711541491E+06
3.678066281517303E+06
4.142153627907762E+06
4.565250272378802E+06
4.944053369136427E+06
5.276075545706773E+06
5.559644935040679E+06
5.793870431988107E+06
5.978579611569142E+06
6.114237787983568E+06
6.201856530369930E+06
6.242898917816559E+06
6.239187297427621E+06
6.192817647621333E+06
6.106083093204062E+06
5.981407814355865E+06
5.821291595380049E+06
5.628264565720994E+06
5.404851254457836E+06
5.153542854619229E+06
4.876776518828524E+06
4.576920533468197E+06
4.256264305243731E+06
3.917012212482782E+06
3.561280503494997E+06
3.191096552817155E+06
2.808399905523180E+06
2.415044646102725E+06
2.012802720314130E+06
1.603367916053353E+06
1.188360273682844E+06
7.693307488943581E+05
3.477659936391413E+05
-7.490684548143297E+04
-4.973153852673359E+05
-9.181373734899424E+05
-1.336096203016870E+06
-1.749956597354550E+06
-2.158520483411275E+06
-2.560623060722355E+06
-2.955129071829878E+06
-3.340929275586225E+06
-3.716937123560052E+06
-4.082085639242087E+06
-4.435324500219978E+06
-4.775617324809682E+06
-5.101939166737974E+06
-5.413274224347766E+06
-5.708613774464495E+06
-5.986954345570516E+06
-6.247296150372729E+06
-6.488641804333922E+06
-6.709995364422526E+06
-6.910361731400762E+06
-7.088746469630010E+06
-7.244156110867083E+06
-7.375599023117609E+06
-7.482086942579415E+06
-7.562637286317352E+06
-7.616276385796957E+06
-7.642043806920260E+06
-7.638997950761707E+06
-7.606223160555568E+06
-7.542838594015826E+06
-7.448009154572753E+06
-7.320958808545282E+06
-7.160986644414287E+06
-6.967486050390374E+06
-6.739967390439437E+06
-6.478084537231248E+06
-6.181665560317091E+06
-5.850747752912971E+06
-5.485616991270600E+06
-5.086851134661055E+06
-4.655366769388934E+06
-4.192468059426326E+06
-3.699895783407236E+06
-3.179873829117828E+06
-2.635149533298532E+06
-2.069023395240969E+06
-1.485363012070263E+06
-8.885957893161010E+05
-2.836753093733564E+05
3.239825907789133E+05
9.285958516493775E+05
1.524143121118756E+06
2.104516741254868E+06
2.663693275542475E+06
3.195910049232455E+06
3.695834526993250E+06
4.158713535456751E+06
4.580491425337378E+06
4.957889883456079E+06
5.288446529720653E+06
5.570513818431323E+06
5.803223366640527E+06
5.986423195399143E+06
6.120596371524600E+06
6.206769343412887E+06
6.246417211344646E+06
6.241371645788097E+06
6.193735506223695E+06
6.105806663732813E+06
5.980012235261632E+06
5.818853450742098E+06
5.624860689528944E+06
5.400557798333499E+06
5.148434583220391E+06
4.870926297019210E+06
4.570398971465201E+06
4.249139531340307E+06
3.909349746887808E+06
3.553143210834403E+06
3.182544654635054E+06
2.799491037537797E+06
2.405833947951138E+06
2.003342948051993E+06
1.593709569785930E+06
1.178551734434331E+06
7.594184202228710E+05
3.377944446242414E+05
-8.489473836676776E+04
-5.072782991960384E+05
-9.280354044925906E+05
-1.345890736219037E+06
-1.759610182787422E+06
-2.167996717719536E+06
-2.569886474935435E+06
-2.964145025257166E+06
-3.349663855835054E+06
-3.725357052648030E+06
-4.090158185778942E+06
-4.443017397663280E+06
-4.782898695852738E+06
-5.108777453964606E+06
-5.419638127388701E+06
-5.714472194014486E+06
-5.992276334776521E+06
-6.252050874284320E+06
-6.492798508322734E+06
-6.713523352732532E+06
-6.913230357292246E+06
-7.090925138935536E+06
-7.245614301194664E+06
-7.376306321425170E+06
-7.482013104412630E+06
-7.561752320659369E+06
-7.614550670226779E+06
-7.639448238619126E+06
-7.635504139836572E+06
-7.601803673151517E+06
-7.537467253734849E+06
-7.441661411755625E+06
-7.313612187928045E+06
-7.152621282422075E+06
-6.958085333704473E+06
-6.729518707220971E+06
-6.466580151168605E+06
-6.169103615040445E+06
-5.837133409735260E+06
-5.470963696022185E+06
-5.071181998893365E+06
-4.638716036797224E+06
-4.174882609588367E+06
-3.681436601964536E+06
-3.160617347317134E+06
-2.615188712615002E+06
-2.048468408497322E+06
-1.464341356664859E+06
-8.672516678565051E+05
-2.621681354099363E+05
3.454806535902265E+05
9.499033285012711E+05
1.545073550519571E+06
2.124883677600449E+06
2.683315656967491E+06
3.214617544426268E+06
3.713472451842647E+06
4.175146966877384E+06
4.595608230461614E+06
4.971602509692328E+06
5.300692539831933E+06
5.581255279383866E+06
5.812445292795319E+06
5.994131297012420E+06
6.126814369798331E+06
6.211536091903200E+06
6.249783822010739E+06
6.243398767742675E+06
6.194490855348056E+06
6.105362857578074E+06
5.978444952913115E+06
5.816239912139621E+06
5.621278432236491E+06
5.396083720355554E+06
5.143144216401907E+06
4.864893275205231E+06
4.563694659580337E+06
4.241832784845611E+06
3.901506774951063E+06
3.544827520524608E+06
3.173817057227787E+06
2.790409701434391E+06
2.396454485702176E+06
1.993718527522843E+06
1.583891041631456E+06
1.168587769802026E+06
7.493556540258192E+05
3.276776208660789E+05
-9.502262182733789E+04
-5.173758483435847E+05
-9.380626906671673E+05
-1.355809162371688E+06
-1.769382355090670E+06
-2.177586322910976E+06
-2.579258163606029E+06
-2.973264301184598E+06
-3.358496971394654E+06
-3.733870910303552E+06
-4.098320245655797E+06
-4.450795591234807E+06
-4.790261345822413E+06
-5.115693200503957E+06
-5.426075860990737E+06
-5.720400995348059E+06
-5.997665422079753E+06
-6.256869559018761E+06
-6.497016160027776E+06
-6.717109374278087E+06
-6.916154172031868E+06
-7.093156191619985E+06
-7.247122074925076E+06
-7.377060373413455E+06
-7.481983123884320E+06
-7.560908212887488E+06
-7.612862671432048E+06
-7.636887067313876E+06
-7.632041191125287E+06
-7.597411263516231E+06
-7.532118924902452E+06
-7.435332303317258E+06
-7.306279489377756E+06
-7.144264776080225E+06
-6.948688040409764E+06
-6.719067646457933E+06
-6.455067226097469E+06
-6.156526630260158E+06
-5.823497224973630E+06
-5.456281511649989E+06
-5.055476758497234E+06
-4.622021917373966E+06
-4.157246550838679E+06
-3.662919802780220E+06
-3.141296630870012E+06
-2.595157633762061E+06
-2.027837952466919E+06
-1.443240061904555E+06
-8.458250056118127E+05
-2.405770014160480E+05
3.670624283841569E+05
9.712924597569332E+05
1.566081680615593E+06
2.145322443200812E+06
2.703002126377793E+06
3.233379632781107E+06
3.731153899403941E+06
4.191611503130047E+06
4.610742639039893E+06
4.985318438342018E+06
5.312927039984375E+06
5.591970185890341E+06
5.821625647054365E+06
6.001783067469183E+06
6.132961734013466E+06
6.216218522626182E+06
6.253053177699644E+06
6.245316537251217E+06
6.195125656136128E+06
6.104788242658261E+06
5.976737546669282E+06
5.813477869698275E+06
5.617540200352410E+06
5.391447068200541E+06
5.137685500451023E+06
4.858686901963477E+06
4.556812711830097E+06
4.234344780385734E+06
3.893479530701891E+06
3.536325098895248E+06
3.164900775476474E+06
2.781138188231234E+06
2.386883772150530E+06
1.983902162495906E+06
1.573880223455621E+06
1.158431488107573E+06
7.391008370375428E+05
3.173692845704369E+05
-1.053412252796069E+05
-5.276630849166811E+05
-9.482784027586505E+05
-1.365914532098562E+06
-1.779339773150176E+06
-2.187359263386279E+06
-2.588811064920008E+06
-2.982562453292187E+06
-3.367506409237955E+06
-3.742558313523896E+06
-4.106652844559304E+06
-4.458741079037607E+06
-4.797787797256932E+06
-5.122768996946678E+06
-5.432669622375708E+06
-5.726481519259322E+06
-6.003201630573049E+06
-6.261830453910865E+06
-6.501370787615567E+06
-6.720826800713718E+06
-6.919203470892146E+06
-7.095506445573781E+06
-7.248742393831041E+06
-7.377919931679584E+06
-7.482051220499996E+06
-7.560154358205296E+06
-7.611256705537580E+06
-7.634399315679364E+06
-7.628642664193494E+06