-1.578520137930810E+06
-1.612884301640511E+06
-1.647267091830552E+06
-1.681665328158438E+06
-1.716076684785903E+06
-1.750492084653080E+06
-1.784901863565981E+06
-1.819301412995100E+06
-1.853686202865183E+06
-1.888051033443689E+06
-1.922395189219236E+06
-1.956717188782036E+06
-1.991026823090732E+06
-2.025332581236064E+06
-2.059641135641515E+06
-2.093959933785737E+06
-2.128295761615276E+06
-2.162651516543806E+06
-2.197028892117441E+06
-2.231420399550140E+06
-2.265820267397821E+06
-2.300225034853637E+06
-2.334626346812248E+06
-2.369017789141357E+06
-2.403391268135488E+06
-2.437742863475740E+06
-2.472074731770277E+06
-2.506389306984127E+06
-2.540688215346277E+06
-2.574981930033863E+06
-2.609278379854560E+06
-2.643588502970219E+06
-2.677916705055416E+06
-2.712262335908711E+06
-2.746626210096538E+06
-2.781007267068565E+06
-2.815398065604270E+06
-2.849791901591599E+06
-2.884179742415786E+06
-2.918555544190586E+06
-2.952917371374130E+06
-2.987257667878151E+06
-3.021575349865019E+06
-3.055873437740386E+06
-3.090158915921450E+06
-3.124440759183049E+06
-3.158726773544312E+06
-3.193021457460880E+06
-3.227335147242904E+06
-3.261669299015045E+06
-3.296022206978202E+06
-3.330389272116780E+06
-3.364763800027132E+06
-3.399141778336346E+06
-3.433516894282818E+06
-3.467878510783553E+06
-3.502221531332195E+06
-3.536544156339884E+06
-3.570845290043235E+06
-3.605129546834111E+06
-3.639398420096755E+06
-3.673661628258228E+06
-3.707930615870059E+06
-3.742212712662399E+06
-3.776511326424479E+06
-3.810828889057100E+06
-3.845163059516788E+06
-3.879514417546391E+06
-3.913874842798114E+06
-3.948234801809907E+06
-3.982589166739464E+06
-4.016931585098565E+06
-4.051257391957343E+06
-4.085562142902136E+06
-4.119842796141982E+06
-4.154104426579833E+06
-4.188355978987455E+06
-4.222602112007618E+06
-4.256852940932393E+06
-4.291114300309539E+06
-4.325393732521713E+06
-4.359694503297687E+06
-4.394012632037938E+06
-4.428342483378589E+06
-4.462681535305977E+06
-4.497022010616183E+06
-4.531357807546020E+06
-4.565679886718333E+06
-4.599981249179184E+06
-4.634263105958343E+06
-4.668524203249395E+06
-4.702765850476563E+06
-4.736994038993597E+06
-4.771217670403242E+06
-4.805447155032158E+06
-4.839691395483077E+06
-4.873950133123815E+06
-4.908227929957390E+06
-4.942524001465380E+06
-4.976834565176845E+06
-5.011153149095476E+06
-5.045470760759830E+06
-5.079780586793423E+06
-5.114079815627873E+06
-5.148360375280201E+06
-5.182617937044024E+06
-5.216853225059211E+06
-5.251069159179091E+06
-5.285275584806383E+06
-5.319477910518467E+06
-5.353683281353354E+06
-5.387901470985711E+06
-5.422138789186597E+06
-5.456394966054142E+06
-5.490668911594868E+06
-5.524953131444514E+06
-5.559245804244339E+06
-5.593540433938920E+06
-5.627826945678592E+06
-5.662098623494744E+06
-5.696350914264977E+06
-5.730581651403069E+06
-5.764792397335112E+06
-5.798983185063124E+06
-5.833159935954809E+06
-5.867335272184551E+06
-5.901516219747007E+06
-5.935710907957911E+06
-5.969921445465446E+06
-6.004149598696470E+06
-6.038396485849321E+06
-6.072657591959715E+06
-6.106922844848990E+06
-6.141187711783111E+06
-6.175444328421116E+06
-6.209688301760972E+06
-6.243913582725585E+06
-6.278113942346871E+06
-6.312292089770734E+06
-6.346453498446763E+06
-6.380603421186805E+06
-6.414749979299486E+06
-6.448901047158599E+06
-6.483064338563144E+06
-6.517248351586521E+06
-6.551449773884714E+06
-6.585666728793323E+06
-6.619895407787681E+06
-6.654130845405340E+06
-6.688366526375234E+06
-6.722593789310396E+06
-6.756803238572717E+06
-6.790994489433587E+06
-6.825164354429066E+06
-6.859311746296287E+06
-6.893440398898363E+06
-6.927555825418353E+06
-6.961670115607440E+06
-6.995792130925655E+06
-7.029925769043982E+06
-7.064075557005525E+06
-7.098244762384176E+06
-7.132430297780931E+06
-7.166629534956992E+06
-7.200831741357267E+06
-7.235031504655302E+06
-7.269224242635608E+06
-7.303402464352608E+06
-7.337559553373456E+06
-7.371693230240643E+06
-7.405803637420237E+06
-7.439898443700373E+06
-7.473982636186659E+06
-7.508061829184353E+06
-7.542147839446545E+06
-7.576247495505452E+06
-7.610365996244907E+06
-7.644502530789196E+06
-7.678652952166855E+06
-7.712814559808075E+06
-7.746983914604187E+06
-7.781149866742909E+06
-7.815306477181256E+06
-7.849445794745982E+06
-7.883565187567115E+06
-7.917663805005014E+06
-7.951739225594282E+06
-7.985794681366265E+06
-8.019840301841199E+06
-8.053884513116777E+06
-8.087936223168254E+06
-8.122000721544027E+06
-8.156080080010235E+06
-8.190179943822384E+06
-8.224296137830496E+06
-8.258422370589614E+06
-8.292551958485007E+06
-8.326678604416609E+06
-8.360796322022319E+06
-8.394899778221130E+06
-8.428979291501045E+06
-8.463035526067674E+06
-8.497070539620161E+06
-8.531088326292276E+06
-8.565096013033867E+06
-8.599100042064548E+06
-8.633110287448108E+06
-8.667136649128377E+06
-8.701180485312819E+06
-8.735240410260737E+06
-8.769315563370466E+06
-8.803400295539618E+06
-8.837491682630777E+06
-8.871578991201341E+06
-8.905653751683354E+06
-8.939712111946166E+06
-8.973750790073276E+06
-9.007765840848029E+06
-9.041758804369867E+06
-9.075731614267051E+06
-9.109695397350729E+06
-9.143659848087251E+06
-9.177629990606964E+06
-9.211613156484425E+06
-9.245613171074152E+06
-9.279631601550877E+06
-9.313666406421483E+06
-9.347709691837072E+06
-9.381754101175785E+06
-9.415796992352545E+06
-9.449828878547013E+06
-9.483844231519461E+06
-9.517836238558531E+06
-9.551803675335348E+06
-9.585750864199400E+06
-9.619681759957433E+06
-9.653600306565702E+06
-9.687517777406454E+06
-9.721442641326666E+06
-9.755382671395600E+06
-9.789340836105645E+06
-9.823313370634794E+06
-9.857300701950788E+06
-9.891298884131789E+06
-9.925300183779061E+06
-9.959296408230722E+06
-9.993280126197457E+06
-1.002724549054259E+07
-1.006119215825731E+07
-1.009511371422005E+07
-1.012901182785940E+07
-1.016289254555124E+07
-1.019676431771618E+07
-1.023063671669960E+07
-1.026451621976745E+07
-1.029840713865846E+07
-1.033231683464116E+07
-1.036624504609710E+07
-1.040018643270981E+07
-1.043413652275205E+07
-1.046808702574027E+07
-1.050203450291872E+07
-1.053597128445506E+07
-1.056988840458333E+07
-1.060378188011086E+07
-1.063765271565264E+07
-1.067150144544113E+07
-1.070533477827764E+07
-1.073915628784484E+07
-1.077297655325764E+07
-1.080680694370514E+07
-1.084065179836476E+07
-1.087451291072965E+07
-1.090838994380361E+07
-1.094228009072363E+07
-1.097618081442171E+07
-1.101008381930166E+07
-1.104397832890731E+07
-1.107786118409979E+07
-1.111172570506024E+07
-1.114556892679757E+07
-1.117938763495713E+07
-1.121318222960079E+07
-1.124696003349030E+07
-1.128073145624936E+07
-1.131450148573774E+07
-1.134827938355368E+07
-1.138207029755408E+07
-1.141587872534037E+07
-1.144970604867935E+07
-1.148354506197393E+07
-1.151739027551717E+07
-1.155123755959904E+07
-1.158507969962049E+07
-1.161890907449389E+07
-1.165271883229768E+07
-1.168650305246663E+07
-1.172026583506048E+07
-1.175400699814606E+07
-1.178773048378980E+07
-1.182144424065489E+07
-1.185515810934401E+07
-1.188888146697897E+07
-1.192262062929565E+07
-1.195637382999015E+07
-1.199014303351343E+07
-1.202392650612444E+07
-1.205771751473814E+07
-1.209150968915164E+07
-1.212529296616024E+07
-1.215906243806040E+07
-1.219281475462765E+07
-1.222654390608740E+07
-1.226024668407476E+07
-1.229392771701938E+07
-1.232759166014040E+07
-1.236124982761616E+07
-1.239490758446914E+07
-1.242857179784101E+07
-1.246225104320490E+07
-1.249594852305138E+07
-1.252966177135193E+07
-1.256338721380782E+07
-1.259711750696921E+07
-1.263084893744582E+07
-1.266457547678691E+07
-1.269828593821204E+07
-1.273197610944998E+07
-1.276564221130103E+07
-1.279928503153789E+07
-1.283290706869930E+07
-1.286651148811889E+07
-1.290010568412346E+07
-1.293370333532882E+07
-1.296730982081652E+07
-1.300093098713398E+07
-1.303456733406955E+07
-1.306821842505789E+07
-1.310188384702301E+07
-1.313555633851612E+07
-1.316922615604186E+07
-1.320288807458574E+07
-1.323653584419042E+07
-1.327016423628634E+07
-1.330376976461530E+07
-1.333734754646415E+07
-1.337090415777910E+07
-1.340444618627220E+07
-1.343798071276504E+07
-1.347151556876433E+07
-1.350505859779775E+07
-1.353861561490411E+07
-1.357219229524457E+07
-1.360578294033885E+07
-1.363938366086167E+07
-1.367299062258488E+07
-1.370659705959511E+07
-1.374019662840986E+07
-1.377377997219986E+07
-1.380734049600923E+07
-1.384087835482705E+07
-1.387439315774190E+07
-1.390788473068929E+07
-1.394136054042852E+07
-1.397482707523090E+07
-1.400829719307184E+07
-1.401666624502355E+07