1.054166983666271E+04
1.810196579355933E+04
2.513232877133228E+04
3.121373094514571E+04
3.594665307397768E+04
3.898892345578410E+04
4.009922372701764E+04
3.917658782823756E+04
3.628303910208493E+04
3.163964804000780E+04
2.559577473448217E+04
1.858149300130084E+04
1.105755301909149E+04
3.474176562778652E+03
-3.756672777604312E+03
-1.027655443646386E+04
-1.578705951184407E+04
-2.005150054791570E+04
-2.289473662962765E+04
-2.420284696893767E+04
-2.392331324739754E+04
-2.206562700698525E+04
-1.870179650114477E+04
-1.396605248171836E+04
-8.053099109232426E+03
-1.214452134005725E+03
6.247359277348965E+03
1.398681106384844E+04
2.162577182716131E+04
2.876670688179880E+04
3.500957614789158E+04
3.997358644132316E+04
4.332463080690056E+04
4.480775983550400E+04
4.428112073712051E+04
4.174417078648508E+04
3.735075978096575E+04
3.139960311070085E+04
2.430149245265126E+04
1.653112715239078E+04
8.576384634658694E+03
8.964155102148652E+02
-6.105865020029247E+03
-1.209732069069892E+04
-1.681805966486782E+04
-2.007940907388180E+04
-2.176006502800435E+04
-2.180267889666557E+04
-2.021186601682752E+04
-1.705365828406811E+04
-1.245574706362933E+04
-6.607428960956633E+03
2.420344002544880E+02
7.787877378635108E+03
1.567803383962065E+04
2.352550224204361E+04
3.092475128923357E+04
3.747164254862070E+04
4.278616759324819E+04
4.653724610733241E+04
4.846862712053955E+04
4.842424230069667E+04
4.637004771956056E+04
4.240785224186629E+04
3.677593103031814E+04
2.983268423014879E+04
2.202369223654270E+04
1.383781367205828E+04
5.761592641673982E+03
-1.758991522848606E+03
-8.344123821191490E+03
-1.369258218335360E+04
-1.758394410185516E+04
-1.987479985762388E+04
-2.049278145494312E+04
-1.943102474325895E+04
-1.674440591422468E+04
-1.254782335977256E+04
-7.015958837039769E+03
-3.832922588884830E+02
7.057349918209016E+03
1.495967567303032E+04
2.293402969992161E+04
3.056378748488426E+04
3.742787891881913E+04
4.312784239841998E+04
4.731665826047957E+04
4.972614195837080E+04
5.018993405284733E+04
4.865976894936711E+04
4.521330026929826E+04
4.005213694403321E+04
3.348916005437076E+04
2.592514438357204E+04
1.781646858578920E+04
9.637870293237269E+03
1.845764701969922E+03
-5.152405935786664E+03
-1.101916995687783E+04
-1.549754876666516E+04
-1.841278671202064E+04
-1.966834300404787E+04
-1.923934609811008E+04
-1.716604243745655E+04
-1.354878569354862E+04
-8.545129661187530E+03
-2.368712398417294E+03
4.711170307420194E+03
1.237113152015209E+04
2.023880944900215E+04
2.790411567952484E+04
3.493857114119828E+04
4.092297106105834E+04
4.548101091327518E+04
4.831391182333976E+04
4.922981310447305E+04
4.816257847605646E+04
4.517731443725526E+04
4.046295987483859E+04
3.431444024142623E+04
2.710763075988740E+04
1.927017342276126E+04
1.125076575510949E+04
3.489321740821004E+03
-3.609644171006978E+03
-9.698274900794029E+03
-1.449980160248280E+04
-1.781577743473649E+04
-1.952695482667536E+04
-1.958956418111920E+04
-1.802912784469873E+04
-1.493377821380645E+04
-1.044851349005848E+04
-4.771115252643824E+03
1.850309790126979E+03
9.118986554428935E+03
1.669196646643430E+04
2.418589147317410E+04
3.118897369858250E+04
3.728185895705596E+04
4.206832740047574E+04
4.521339700960368E+04
4.648225709559768E+04
4.577080233667418E+04
4.311960182781145E+04
3.870804658966139E+04
3.283155521003157E+04
2.586873821676895E+04
1.824588076639175E+04
1.040399509698898E+04
2.770971087250859E+03
-4.260619365248829E+03
-1.035039485595375E+04
-1.522217322402820E+04
-1.867144100004807E+04
-2.056856594854966E+04
-2.085820798505843E+04
-1.955569685961120E+04
-1.674143132467009E+04
-1.255446522181109E+04
-7.186314861521125E+03
-8.756646855585277E+02
6.095883134130388E+03
1.340753111872822E+04
2.070376299595647E+04
2.760167024105601E+04
3.370388763098698E+04
3.861993456721213E+04
4.199741196883656E+04
4.356112849273067E+04
4.315326296354737E+04
4.076352540824842E+04
3.653853800459858E+04
3.076590685444628E+04
2.383766630806006E+04
1.620421603075188E+04
8.330207404121989E+03
6.595113235153258E+02
-6.408822226042394E+03
-1.253516514083650E+04
-1.744723175633606E+04
-2.094378748946544E+04
-2.289575245918706E+04
-2.324548345884215E+04
-2.200449779902399E+04
-1.924972321831435E+04
-1.511842991616949E+04
-9.802177987579256E+03
-3.540247343551368E+03
3.387003196161240E+03
1.066462881208397E+04
1.794966081463173E+04
2.487856208327971E+04
3.107709690644592E+04
3.617474653089419E+04
3.982595195975900E+04
4.173952035870403E+04
4.171478625545278E+04
3.967853818047792E+04
3.571205403679609E+04
3.005651265754923E+04
2.309060981545597E+04
1.528477132133767E+04
7.145327487308532E+03
-8.364370148405433E+02
-8.220982773229480E+03
-1.464115277144313E+04
-1.981007413187996E+04
-2.352125971584022E+04
-2.564510389883444E+04
-2.612440162385628E+04
-2.497006326906383E+04
-2.225718660519272E+04
-1.812110139805079E+04
-1.275283427999169E+04
-6.393538573779166E+03
6.723284580558538E+02
8.125053892701864E+03
1.561879077210277E+04
2.279168236019462E+04
2.927722509889305E+04
3.471757013211399E+04
3.877991250188649E+04
4.117724911593646E+04
4.169414997989684E+04
4.021628342649341E+04
3.675912881588191E+04
3.148757893618941E+04
2.471654233962297E+04
1.688616734634340E+04
8.514120672851801E+03
1.368234283924103E+02
-7.744754456266761E+03
-1.470335733540356E+04
-2.040461117006093E+04
-2.461066795454919E+04
-2.717457230375707E+04
-2.803098571854085E+04
-2.718692013115436E+04
-2.471415687154979E+04
-2.074359725045413E+04
-1.546093276128173E+04
-9.102604167275131E+03
-1.950922320298851E+03
5.672621702648699E+03
1.341648447298259E+04
2.091082107751817E+04
2.778163927828521E+04
3.366690724506974E+04
3.823417598392069E+04
4.119945947729796E+04
4.234724383068830E+04
4.155123749265820E+04
3.879450849489123E+04
3.418591146778315E+04
2.796770962125063E+04
2.050839147073030E+04
1.227660335020721E+04
3.797505331814289E+03
-4.400327312119305E+03
-1.183523303362727E+04
-1.810932610343397E+04
-2.292723605020344E+04
-2.609861381324381E+04
-2.753005380249768E+04
-2.721248785466701E+04
-2.520849507546425E+04
-2.164187808698416E+04
-1.669013864954561E+04
-1.057934610131383E+04
-3.580221896231174E+03
3.996082950204611E+03
1.180412648130953E+04
1.947363956076652E+04
2.662318970061094E+04
3.287807569570839E+04
3.789149911487103E+04
4.136722735735029E+04
4.308156212314963E+04
4.290253183975816E+04
4.080462857282907E+04
3.687773631397635E+04
3.132887875387073E+04
2.447514211234450E+04
1.672613195022941E+04
8.555336860723794E+03
4.621682162731886E+02
-7.070393150687218E+03
-1.361532242920250E+04
-1.883125470738113E+04
-2.247836083616316E+04
-2.442061094386876E+04
-2.461798622479290E+04
-2.311348421083391E+04
-2.001918097051978E+04
-1.550409629608691E+04
-9.785010552309453E+03
-3.120125736705959E+03
4.195398304022849E+03
1.183356982184201E+04
1.943924366907775E+04
2.663934161601216E+04
3.305728248143196E+04
3.833334486976266E+04
4.215007004078478E+04
4.425985971923918E+04
4.451038105411083E+04
4.286308101879805E+04
3.940134511929005E+04
3.432707543064654E+04
2.794665300434083E+04
2.064855385474861E+04
1.287519826280326E+04
5.091439628541470E+03
-2.247951657019556E+03
-8.729157892353833E+03
-1.400554141052440E+04
-1.781640818357095E+04
-1.999654382907227E+04
-2.047651204995438E+04
-1.927549172827974E+04
-1.648954931707680E+04
-1.227839300573990E+04
-6.853005704030395E+03
-4.655193055644631E+02
6.598356934692711E+03
1.402492079011723E+04
2.147732921226695E+04
2.860150585950166E+04
3.503524452213570E+04
4.042264639462903E+04
4.443532871721312E+04
4.680008754288405E+04
4.732990731321648E+04
4.595224266653880E+04
4.272704143282771E+04
3.784855296820216E+04
3.162943288513832E+04
2.447081806778349E+04
1.682520589076728E+04
9.158998393829912E+03
1.919399767246097E+03
-4.492238182235509E+03
-9.740304012686014E+03
-1.356843696583435E+04
-1.580708878961205E+04
-1.637548040665034E+04
-1.527842778692301E+04
-1.259889877695963E+04
-8.487616455994546E+03
-3.151294060098939E+03
3.158981909085996E+03
1.015810435033892E+04
1.753553103512758E+04
2.496228485940018E+04
3.209721320625267E+04
3.859394633667637E+04
4.411047319664899E+04
4.832346433954639E+04
5.094908099137619E+04
5.177052374545485E+04
5.066965459842607E+04
4.765616097761784E+04
4.288483785106614E+04
3.665240436190553E+04
2.937109212716483E+04