6.577801896302961E+03
6.612314219571243E+03
6.646833479369932E+03
6.681359533137060E+03
6.715892228668032E+03
6.750431403964583E+03
6.784976887162891E+03
6.819528496548359E+03
6.854086040675640E+03
6.888649318604439E+03
6.923218120275182E+03
6.957792227044469E+03
6.992371412409295E+03
7.026955442952109E+03
7.061544079543033E+03
7.096137078842439E+03
7.130734195152705E+03
7.165335182673414E+03
7.199939798218023E+03
7.234547804454516E+03
7.269158973732963E+03
7.303773092564079E+03
7.338389966776362E+03
7.373009427442274E+03
7.407631337479805E+03
7.442255598965799E+03
7.476882161021524E+03
7.511511028048524E+03
7.546142268012394E+03
7.580776020334393E+03
7.615412502791965E+03
7.650052016684553E+03
7.684694949406607E+03
7.719341773529421E+03
7.753993041544221E+03
7.788649375601613E+03
7.823311451912916E+03
7.857979979985743E+03
7.892655677674513E+03
7.927339242894726E+03
7.962031324712734E+03
7.996732495342731E+03
8.031443225377938E+03
8.066163864231552E+03
8.100894626960391E+03
8.135635587891738E+03
8.170386680815078E+03
8.205147704952629E+03
8.239918335518625E+03
8.274698137448053E+03
8.309486580837984E+03
8.344283056845830E+03
8.379086893233587E+03
8.413897369012586E+03
8.448713727174385E+03
8.483535186032183E+03
8.518360948658607E+03
8.553190210652188E+03
8.588022166357900E+03
8.622856013728539E+03
8.657690958018706E+03
8.692526214503276E+03
8.727361010394758E+03
8.762194586119847E+03
8.797026196090155E+03
8.831855109082244E+03
8.866680608319293E+03
8.901501991328551E+03
8.936318569642317E+03
8.971129668393056E+03
9.005934625824622E+03
9.040732792770374E+03
9.075523532105202E+03
9.110306218193786E+03
9.145080236346519E+03
9.179844982291921E+03
9.214599861669529E+03
9.249344289551314E+03
9.284077689989761E+03
9.318799495596264E+03
9.353509147151490E+03
9.388206093244255E+03
9.422889789943525E+03
9.457559700498590E+03
9.492215295072354E+03
9.526856050503033E+03
9.561481450097752E+03
9.596090983459086E+03
9.630684146344662E+03
9.665260440562328E+03
9.699819373905950E+03
9.734360460133408E+03
9.768883218995004E+03
9.803387176317163E+03
9.837871864151617E+03
9.872336821000557E+03
9.906781592131592E+03
9.941205729997833E+03
9.975608794783417E+03
1.000999035509740E+04
1.004434998884326E+04
1.007868728429673E+04
1.011300184142863E+04
1.014729327351542E+04
1.018156120908848E+04
1.021580529427237E+04
1.025002519557416E+04
1.028422060318553E+04
1.031839123485982E+04
1.035253684042499E+04
1.038665720697935E+04
1.042075216480374E+04
1.045482159398665E+04
1.048886543171550E+04
1.052288368011528E+04
1.055687641443359E+04
1.059084379125142E+04
1.062478605627373E+04
1.065870355103904E+04
1.069259671797301E+04
1.072646610271174E+04
1.076031235291105E+04
1.079413621272269E+04
1.082793851222040E+04
1.086172015146224E+04
1.089548207941646E+04
1.092922526858078E+04
1.096295068669878E+04
1.099665926745394E+04
1.103035188231070E+04
1.106402931569953E+04
1.109769224542484E+04
1.113134122943110E+04
1.116497669921850E+04
1.119859896010259E+04
1.123220819706569E+04
1.126580448508868E+04
1.129938780260505E+04
1.133295804666687E+04
1.136651504858967E+04
1.140005858914671E+04
1.143358841265354E+04
1.146710423952778E+04
1.150060577711038E+04
1.153409272870701E+04
1.156756480092823E+04
1.160102170949272E+04
1.163446318367904E+04
1.166788896959927E+04
1.170129883246170E+04
1.173469255810615E+04
1.176806995383115E+04
1.180143084874155E+04
1.183477509369678E+04
1.186810256095778E+04
1.190141314361052E+04
1.193470675482735E+04
1.196798332701402E+04
1.200124281088024E+04
1.203448517446441E+04
1.206771040213294E+04
1.210091849357239E+04
1.213410946278524E+04
1.216728333709930E+04
1.220044015619654E+04
1.223357997116551E+04
1.226670284357993E+04
1.229980884460540E+04
1.233289805413573E+04
1.236597055995732E+04
1.239902645694459E+04
1.243206584628479E+04
1.246508883473271E+04
1.249809553389618E+04
1.253108605955297E+04
1.256406053100037E+04
1.259701907043922E+04
1.262996180239518E+04
1.266288885318104E+04
1.269580035040376E+04
1.272869642252423E+04
1.276157719847490E+04
1.279444280734658E+04
1.282729337815364E+04
1.286012903969479E+04
1.289294992052176E+04
1.292575614903972E+04
1.295854785376030E+04
1.299132516373723E+04
1.302408820921555E+04
1.305683712253359E+04
1.308957203931967E+04
1.312229310003476E+04
1.315500045191403E+04
1.318769425136788E+04
1.322037466690445E+04
1.325304188263736E+04
1.328569610244216E+04
1.331833755478909E+04
1.335096649834147E+04
1.338358322822419E+04
1.341618808299664E+04
1.344878145218245E+04
1.348136378413328E+04
1.351393559391424E+04
1.354649747076281E+04
1.357905008451449E+04
1.361159419024340E+04
1.364413063025585E+04
1.367666033253947E+04
1.370918430482747E+04
1.374170362362918E+04
1.377421941792342E+04
1.380673284771881E+04
1.383924507849937E+04
1.387175725244218E+04
1.390427045914129E+04
1.393678570737643E+04
1.396930390024179E+04
1.400182581558352E+04
1.403435209287168E+04
1.406688322688581E+04
1.409941956793307E+04
1.413196132778446E+04
1.416450859012239E+04
1.419706132407632E+04
1.422961939939810E+04
1.426218260203773E+04
1.429475064932252E+04
1.432732320421009E+04
1.435989988762059E+04
1.439248028937931E+04
1.442506397726538E+04
1.445765050440509E+04
1.449023941513908E+04
1.452283024954802E+04
1.455542254683381E+04
1.458801584774372E+04
1.462060969621286E+04
1.465320364038361E+04
1.468579723313573E+04
1.471839003224182E+04
1.475098160023743E+04
1.478357150408247E+04
1.481615931467805E+04
1.484874460628786E+04
1.488132695588982E+04
1.491390594250348E+04
1.494648114650254E+04
1.497905214893445E+04
1.501161853085586E+04
1.504417987269559E+04
1.507673575364810E+04
1.510928575110331E+04
1.514182944011368E+04
1.517436639290088E+04
1.520689617840218E+04
1.523941836185713E+04
1.527193250443321E+04
1.530443816289189E+04
1.533693488929298E+04
1.536942223073903E+04
1.540189972915919E+04
1.543436692113359E+04
1.546682333775930E+04
1.549926850456122E+04
1.553170194145042E+04
1.556412316273421E+04
1.559653167718305E+04
1.562892698816297E+04
1.566130859384040E+04
1.569367598747165E+04
1.572602865779027E+04
1.575836608950800E+04
1.579068776394904E+04
1.582299315984239E+04
1.585528175429604E+04
1.588755302398995E+04
1.591980644662236E+04
1.595204150265304E+04
1.598425767739379E+04
1.601645446349826E+04
1.604863136391225E+04
1.608078789534670E+04
1.611292359233514E+04
1.614503801193519E+04
1.617713073912321E+04
1.620920139290922E+04
1.624124963317107E+04
1.627327516815235E+04
1.630527776250552E+04
1.633725724566850E+04
1.636921352024830E+04
1.640114656995767E+04
1.643305646642845E+04
1.646494337433582E+04
1.649680755372677E+04
1.652864935879159E+04
1.656046923226072E+04
1.659226769472199E+04
1.662404532857239E+04
1.665580275687069E+04
1.668754061795765E+04
1.671925953728246E+04
1.675096009833721E+04
1.678264281487808E+04
1.681430810661917E+04
1.684595628025034E+04
1.687758751686587E+04
1.690920186604379E+04
1.694079924675025E+04
1.697237945375947E+04
1.700394216847903E+04
1.703548697281233E+04
1.706701336465526E+04
1.709852077380841E+04
1.713000857739319E+04
1.716147611412744E+04
1.719292269705894E+04
1.722434762455890E+04
1.725575018953683E+04
1.728712968696636E+04
1.731848541988380E+04
1.734981670405157E+04
1.738112287145457E+04
1.741240327280207E+04
1.744365727931098E+04
1.747488428379380E+04
1.750608370127500E+04
1.753725496921554E+04
1.756839754744293E+04
1.759951091786346E+04
1.763059458401450E+04
1.766164807050786E+04
1.769267092239828E+04
1.772366270450706E+04
1.775462300072314E+04
1.778555141329573E+04
1.781644756213308E+04
1.784731108411343E+04
1.787814163241535E+04
1.790893887587189E+04
1.793970249834936E+04
1.797043219815317E+04
1.800112768746179E+04
1.803178869178816E+04
1.806241494946857E+04
1.809300621117954E+04
1.812356223948172E+04
1.815408280839241E+04
1.818456770298566E+04
1.821501671902213E+04
1.824542966261029E+04
1.827580634990131E+04
1.830614660682058E+04
1.833645026884152E+04
1.836671718080586E+04
1.839694719679968E+04
1.842714018009260E+04
1.845729600315186E+04
1.848741454774525E+04
1.851749570514995E+04
1.854753937648522E+04
1.857754547319392E+04
1.860751391770173E+04
1.863744464428420E+04