-3.687670305939779E+06
-3.743376828999534E+06
-3.798737063591182E+06
-3.853744991201937E+06
-3.908394599132121E+06
-3.962679881359786E+06
-4.016594839407057E+06
-4.070133483275816E+06
-4.123289832443193E+06
-4.176057916833267E+06
-4.228431777718544E+06
-4.280405468607679E+06
-4.331973056216732E+06
-4.383128621530205E+06
-4.433866260859162E+06
-4.484180086832091E+06
-4.534064229371801E+06
-4.583512836737230E+06
-4.632520076608479E+06
-4.681080137139976E+06
-4.729187227980897E+06
-4.776835581343815E+06
-4.824019453156248E+06
-4.870733124226466E+06
-4.916970901341200E+06
-4.962727118308857E+06
-5.007996137042046E+06
-5.052772348733559E+06
-5.097050175073668E+06
-5.140824069420457E+06
-5.184088517922238E+06
-5.226838040671766E+06
-5.269067192920461E+06
-5.310770566283584E+06
-5.351942789889365E+06
-5.392578531531602E+06
-5.432672498906270E+06
-5.472219440904379E+06
-5.511214148859307E+06
-5.549651457711339E+06
-5.587526247160375E+06
-5.624833442891225E+06
-5.661568017863765E+06
-5.697724993587121E+06
-5.733299441335663E+06
-5.768286483356476E+06
-5.802681294128925E+06
-5.836479101641893E+06
-5.869675188614681E+06
-5.902264893671334E+06
-5.934243612565205E+06
-5.965606799489051E+06
-5.996349968382224E+06
-6.026468694147468E+06
-6.055958613804430E+06
-6.084815427677125E+06
-6.113034900649801E+06
-6.140612863432512E+06
-6.167545213773489E+06
-6.193827917633295E+06
-6.219457010384932E+06
-6.244428598046154E+06
-6.268738858472638E+06
-6.292384042472407E+06
-6.315360474913269E+06
-6.337664555909291E+06
-6.359292762053296E+06
-6.380241647581406E+06
-6.400507845435180E+06
-6.420088068303503E+06
-6.438979109719492E+06
-6.457177845185742E+06
-6.474681233255170E+06
-6.491486316554904E+06
-6.507590222807810E+06
-6.522990165884666E+06
-6.537683446838692E+06
-6.551667454853915E+06
-6.564939668131545E+06
-6.577497654813081E+06
-6.589339073975898E+06
-6.600461676609471E+06
-6.610863306479961E+06
-6.620541900916979E+06
-6.629495491621017E+06
-6.637722205510542E+06
-6.645220265539609E+06
-6.651987991444260E+06
-6.658023800459474E+06
-6.663326208058171E+06
-6.667893828690991E+06
-6.671725376450397E+06
-6.674819665637307E+06
-6.677175611307696E+06
-6.678792229881451E+06
-6.679668639780335E+06
-6.679804061983325E+06
-6.679197820466056E+06
-6.677849342608429E+06
-6.675758159638196E+06
-6.672923907068871E+06
-6.669346325062625E+06
-6.665025258733675E+06
-6.659960658460602E+06
-6.654152580217101E+06
-6.647601185850054E+06
-6.640306743247561E+06
-6.632269626436464E+06
-6.623490315706909E+06
-6.613969397790328E+06
-6.603707566006258E+06
-6.592705620294221E+06
-6.580964467163436E+06
-6.568485119653083E+06
-6.555268697310328E+06
-6.541316426111229E+06
-6.526629638296954E+06
-6.511209772192866E+06
-6.495058372061744E+06
-6.478177087940175E+06
-6.460567675374251E+06
-6.442231995050564E+06
-6.423172012409922E+06
-6.403389797313802E+06
-6.382887523725599E+06
-6.361667469312403E+06
-6.339732014941487E+06
-6.317083644147865E+06
-6.293724942628026E+06
-6.269658597710371E+06
-6.244887397738248E+06
-6.219414231399663E+06
-6.193242087089002E+06
-6.166374052296657E+06
-6.138813312932614E+06
-6.110563152531009E+06
-6.081626951394569E+06
-6.052008185773708E+06
-6.021710427090794E+06
-5.990737341131993E+06
-5.959092687144976E+06
-5.926780316877117E+06
-5.893804173628628E+06
-5.860168291315686E+06
-5.825876793470303E+06
-5.790933892161552E+06
-5.755343886922048E+06
-5.719111163735060E+06
-5.682240194014518E+06
-5.644735533480885E+06
-5.606601820942080E+06
-5.567843777078562E+06
-5.528466203288639E+06
-5.488473980546208E+06
-5.447872068194957E+06
-5.406665502675358E+06
-5.364859396248603E+06
-5.322458935749717E+06
-5.279469381315548E+06
-5.235896065034235E+06
-5.191744389563988E+06
-5.147019826813156E+06
-5.101727916674892E+06
-5.055874265707892E+06
-5.009464545707778E+06
-4.962504492242154E+06
-4.914999903242563E+06
-4.866956637647491E+06
-4.818380614019217E+06
-4.769277809100691E+06
-4.719654256358192E+06
-4.669516044559084E+06
-4.618869316360144E+06
-4.567720266838850E+06
-4.516075141968885E+06
-4.463940237129575E+06
-4.411321895703947E+06
-4.358226507693650E+06
-4.304660508245872E+06
-4.250630376105253E+06
-4.196142632095549E+06
-4.141203837677462E+06
-4.085820593522130E+06
-4.029999538038215E+06
-3.973747345876660E+06
-3.917070726472454E+06
-3.859976422623953E+06
-3.802471209045757E+06
-3.744561890858579E+06
-3.686255302076537E+06
-3.627558304180566E+06
-3.568477784767624E+06
-3.509020656167641E+06
-3.449193853971619E+06
-3.389004335544545E+06
-3.328459078614119E+06
-3.267565079916134E+06
-3.206329353818160E+06
-3.144758930910390E+06
-3.082860856627900E+06
-3.020642189933807E+06
-2.958110002009660E+06
-2.895271374890424E+06
-2.832133400065910E+06
-2.768703177141033E+06
-2.704987812599789E+06
-2.640994418601405E+06
-2.576730111711673E+06
-2.512202011579908E+06
-2.447417239661500E+06
-2.382382918022886E+06
-2.317106168161340E+06
-2.251594109787531E+06
-2.185853859617814E+06
-2.119892530240431E+06
-2.053717229026578E+06
-1.987335057005234E+06
-1.920753107681543E+06
-1.853978465874635E+06
-1.787018206655733E+06
-1.719879394364893E+06
-1.652569081609756E+06
-1.585094308198079E+06
-1.517462100070402E+06
-1.449679468310378E+06
-1.381753408206485E+06
-1.313690898289278E+06
-1.245498899348937E+06
-1.177184353513807E+06
-1.108754183409698E+06
-1.040215291318625E+06
-9.715745582706332E+05
-9.028388431116566E+05
-8.340149816447869E+05
-7.651097858729362E+05
-6.961300432701707E+05
-6.270825160032213E+05
-5.579739401185513E+05
-4.888110247769430E+05
-4.196004515577033E+05
-3.503488737662882E+05
-2.810629157042056E+05
-2.117491719633415E+05
-1.424142068135291E+05
-7.306455363899469E+04
-3.706714322030544E+03
6.565284143731743E+04
1.350076767727509E+05
2.043513882014975E+05
2.736776061085388E+05
3.429799952519909E+05
4.122522553148121E+05
4.814881214445680E+05
5.506813647284508E+05
6.198257926378176E+05
6.889152495076284E+05
7.579436170308143E+05
8.269048146806806E+05
8.957928000441343E+05
9.646015691632479E+05
1.033325156959936E+06
1.101957637686923E+06
1.170493125302210E+06
1.238925773752421E+06
1.307249777244642E+06
1.375459370563030E+06
1.443548829398647E+06
1.511512470632344E+06
1.579344652572766E+06
1.647039775212452E+06
1.714592280524686E+06
1.781996652729347E+06
1.849247418461010E+06
1.916339146889865E+06
1.983266449905843E+06
2.050023982378051E+06
2.116606442386866E+06
2.183008571359649E+06
2.249225154159710E+06
2.315251019208074E+06
2.381081038637504E+06
2.446710128418013E+06
2.512133248431787E+06
2.577345402548790E+06
2.642341638750836E+06
2.707117049266860E+06
2.771666770632267E+06
2.835985983663052E+06
2.900069913443208E+06
2.963913829402447E+06
3.027513045428008E+06
3.090862919903994E+06
3.153958855674848E+06
3.216796300015405E+06
3.279370744647250E+06
3.341677725748613E+06
3.403712823910907E+06
3.465471664076507E+06
3.526949915522009E+06
3.588143291885033E+06
3.649047551153466E+06
3.709658495560050E+06
3.769971971438035E+06
3.829983869141445E+06
3.889690123043612E+06
3.949086711514831E+06
4.008169656815916E+06
4.066935024962813E+06
4.125378925635666E+06
4.183497512111172E+06
4.241286981147289E+06
4.298743572824880E+06
4.355863570420057E+06
4.412643300342575E+06
4.469079132079408E+06
4.525167478059217E+06
4.580904793441996E+06
4.636287575928062E+06
4.691312365652189E+06
4.745975745112151E+06
4.800274339036986E+06
4.854204814196214E+06
4.907763879231006E+06
4.960948284531876E+06
5.013754822094679E+06
5.066180325312346E+06
5.118221668764472E+06
5.169875768079907E+06
5.221139579847634E+06
5.272010101481304E+06
5.322484370993912E+06
5.372559466746211E+06
5.422232507258460E+06
5.471500651088968E+06
5.520361096696004E+06
5.568811082234532E+06
5.616847885341376E+06
5.664468822971329E+06
5.711671251247078E+06
5.758452565247566E+06
5.804810198751643E+06
5.850741624033719E+06
5.896244351743057E+06
5.941315930783719E+06
5.985953948111415E+06
6.030156028466120E+06
6.073919834133789E+06
6.117243064780682E+06
6.160123457310021E+06
6.202558785671756E+06
6.244546860635608E+06
6.286085529598475E+06
6.327172676433936E+06
6.367806221307293E+06
6.407984120418444E+06
6.447704365748778E+06
6.486964984899640E+06
6.525764040986359E+06
6.564099632479057E+06
6.601969892957047E+06
6.639372990850359E+06
6.676307129244134E+06
6.712770545729667E+06
6.748761512233242E+06
6.784278334802210E+06
6.819319353400901E+06
6.828005072389841E+06