3.994075214250549E-04
3.994885937524495E-04
3.995680710717473E-04
3.996458429258547E-04
3.997217966972613E-04
3.997958184540676E-04
3.998677939165761E-04
3.999376095507737E-04
4.000051538537927E-04
4.000703188181841E-04
4.001330016568528E-04
4.001931068199618E-04
4.002505483511032E-04
4.003052526413849E-04
4.003571616468412E-04
4.004062366367003E-04
4.004524625375345E-04
4.004958529312287E-04
4.005364557529470E-04
4.005743597189381E-04
4.006097014930474E-04
4.006426734723776E-04
4.006735320874848E-04
4.007026063679961E-04
4.007303059300302E-04
4.007571287262860E-04
4.007836664816783E-04
4.008106072286659E-04
4.008387336029793E-04
4.008689151475348E-04
4.009020927999494E-04
4.009392540072624E-04
4.009813975201948E-04
4.010294878685398E-04
4.010844008091093E-04
4.011468626680197E-04
4.012173884700185E-04
4.012962261172163E-04
4.013833129918847E-04
4.014782505681646E-04
4.015803075623910E-04
4.016884426804401E-04
4.018013550803484E-04
4.019175529716842E-04
4.020354312924198E-04
4.021533502485462E-04
4.022697076711938E-04
4.023829996406723E-04
4.024918656465918E-04
4.025951166980728E-04
4.026917472679998E-04
4.027809347503337E-04
4.028620332296193E-04
4.029345548313213E-04
4.029981521683225E-04
4.030525974309551E-04
4.030977623221816E-04
4.031335991440893E-04
4.031601239560595E-04
4.031774019560713E-04
4.031855350958198E-04
4.031846518286412E-04
4.031748988063100E-04
4.031564342869476E-04
4.031294229912298E-04
4.030940321481055E-04
4.030504285040697E-04
4.029987761319013E-04
4.029392349654964E-04
4.028719596833432E-04
4.027970990884682E-04
4.027147957403913E-04
4.026251858118978E-04
4.025283991150159E-04
4.024245592430761E-04
4.023137837959939E-04
4.021961846625921E-04
4.020718683396705E-04
4.019409362727346E-04
4.018034852077594E-04
4.016596075470877E-04
4.015093917056315E-04
4.013529224657936E-04
4.011902813311247E-04
4.010215468795994E-04
4.008467951185269E-04
4.006660998531453E-04
4.004795330653675E-04
4.002871653163336E-04
4.000890661810552E-04
3.998853047258340E-04
3.996759500422614E-04
3.994610718539731E-04
3.992407412151547E-04
3.990150313231255E-04
3.987840184711175E-04
3.985477831716091E-04
3.983064114853590E-04
3.980599965964751E-04
3.978086406795506E-04
3.975524571110940E-04
3.972915730831618E-04
3.970261326740232E-04
3.967563004665178E-04
3.964822657436082E-04
3.962042473437738E-04
3.959224992345690E-04
3.956373168121641E-04
3.953490439151958E-04
3.950580804852845E-04
3.947648907141718E-04
3.944700113885221E-04
3.941740599781173E-04
3.938777418113050E-04
3.935818554433395E-04
3.932872950484609E-04
3.929950483553715E-04
3.927061885838756E-04
3.924218580464676E-04
3.921432440930797E-04
3.918715419064570E-04
3.916079094744992E-04
3.913534126906036E-04
3.911089641430131E-04
3.908752612207323E-04
3.906527302989194E-04
3.904414839705729E-04
3.902412975639521E-04
3.900516095264109E-04
3.898715476652673E-04
3.896999797148794E-04
3.895355822463560E-04
3.893769165521912E-04
3.892225087708612E-04
3.890709220645081E-04
3.889208163057553E-04
3.887709915169541E-04
3.886204160270814E-04
3.884682385419647E-04
3.883137877553171E-04
3.881565628241893E-04
3.879962176875675E-04
3.878325418210705E-04
3.876654395939521E-04
3.874949099269081E-04
3.873210274405411E-04
3.871439257347479E-04
3.869637828487439E-04
3.867808083199151E-04
3.865952335420819E-04
3.864073031072347E-04
3.862172682867044E-04
3.860253818308303E-04
3.858318939836754E-04
3.856370494808910E-04
3.854410853404685E-04
3.852442292851068E-04
3.850466986612742E-04
3.848486997435935E-04
3.846504273339753E-04
3.844520645830984E-04
3.842537829771408E-04
3.840557424453425E-04
3.838580915538591E-04
3.836609677585643E-04
3.834644976941407E-04
3.832687974927823E-04
3.830739731163412E-04
3.828801206926134E-04
3.826873268591440E-04
3.824956691080416E-04
3.823052161327002E-04
3.821160281784444E-04
3.819281574003251E-04
3.817416482327536E-04
3.815565377771764E-04
3.813728562157355E-04
3.811906272607286E-04
3.810098686516956E-04
3.808305927141585E-04
3.806528069963755E-04
3.804765150005776E-04
3.803017170373908E-04
3.801284112178683E-04
3.799565946370803E-04
3.797862647456993E-04
3.796174209878649E-04
3.794500667370451E-04
3.792842115776800E-04
3.791198739918856E-04
3.789570845171581E-04
3.787958894429463E-04
3.786363551111969E-04
3.784785728784264E-04
3.783226647846088E-04
3.781687899571478E-04
3.780171517565037E-04
3.778680055376619E-04
3.777216669196000E-04
3.775785202970272E-04
3.774390267638110E-04
3.773037317285600E-04
3.771732701746532E-04
3.770483689466268E-04
3.769298447023899E-04
3.768185957710784E-04
3.767155860995683E-04
3.766218197565653E-04
3.765383050920554E-04
3.764660086213456E-04
3.764058000173928E-04
3.763583912522257E-04
3.763242749282285E-04
3.763036690402543E-04
3.762964746217459E-04
3.763022517884011E-04
3.763202244537653E-04
3.763493046504570E-04
3.763881443251305E-04
3.764352048228180E-04
3.764888349226275E-04
3.765473492311458E-04
3.766090999821337E-04
3.766725368312390E-04
3.767362510726010E-04
3.767990028402095E-04
3.768597322908263E-04
3.769175584971717E-04
3.769717728098515E-04
3.770218200176410E-04
3.770672807630452E-04
3.771078506935896E-04
3.771433205532271E-04
3.771735574714199E-04
3.771984883484160E-04
3.772180854727655E-04
3.772323543709531E-04
3.772413237811039E-04
3.772450375630148E-04
3.772435483052551E-04
3.772369123668496E-04
3.772251860959951E-04
3.772084230014325E-04
3.771866717135102E-04
3.771599746615955E-04
3.771283670893420E-04
3.770918765675425E-04
3.770505227488623E-04
3.770043173431620E-04
3.769532642600112E-04
3.768973598645303E-04
3.768365933142560E-04
3.767709469513505E-04
3.767003967303324E-04
3.766249126665186E-04
3.765444592947345E-04
3.764589961314218E-04
3.763684781360466E-04
3.762728561698407E-04
3.761720774511624E-04
3.760660860073579E-04
3.759548231348211E-04
3.758382278608251E-04
3.757162374150194E-04
3.755887877340447E-04
3.754558139888770E-04
3.753172511567816E-04
3.751730346505688E-04
3.750231010207382E-04
3.748673887492486E-04
3.747058391572505E-04
3.745383974530655E-04
3.743650139510380E-04
3.741856454966309E-04
3.740002571381890E-04
3.738088240913444E-04
3.736113340478192E-04
3.734077898941215E-04
3.731982128842765E-04
3.729826463601607E-04
3.727611600605504E-04
3.725338550876665E-04
3.723008695925537E-04
3.720623851865314E-04
3.718186340641548E-04
3.715699067649543E-04
3.713165604065905E-04
3.710590270911240E-04
3.707978220185652E-04
3.705335506381689E-04
3.702669139275653E-04
3.699987106132404E-04
3.697298348327893E-04
3.694612676988424E-04
3.691940604051542E-04
3.689293096650831E-04
3.686681197938705E-04
3.684115572351776E-04
3.681605952066572E-04
3.679160522846964E-04
3.676785307058653E-04
3.674483612023981E-04
3.672255613114484E-04
3.670098133027226E-04
3.668004661564824E-04
3.665965633937980E-04
3.663968950133245E-04
3.662000673238263E-04
3.660045790790491E-04
3.658089015659057E-04
3.656115501243736E-04
3.654111429894432E-04
3.652064437602840E-04
3.649963885922606E-04
3.647800974504465E-04
3.645568730865486E-04
3.643261910711943E-04
3.640876838483711E-04
3.638411213786092E-04
3.635863905020438E-04
3.633234746821153E-04
3.630524352849010E-04
3.627733950084507E-04
3.624865235005220E-04
3.621920245922118E-04
3.618901267824913E-04
3.615810747220950E-04
3.612651228034375E-04
3.609425300582438E-04
3.606135562523450E-04
3.602784589497757E-04
3.599374913570426E-04
3.595909007876900E-04
3.592389276136851E-04
3.588818045937984E-04
3.585197564898398E-04
3.581529998995291E-04
3.577817432498815E-04
3.574061869071363E-04
3.570265233686625E-04
3.566429375088365E-04
3.562556068671605E-04
3.558647019504249E-04
3.554703865486083E-04
3.550728180578117E-04
3.546721478011614E-04
3.542685213482762E-04
3.538620788339389E-04
3.534529552779182E-04
3.530412809093493E-04
3.526271815005471E-04
3.522107787166978E-04
3.517921904895595E-04
3.513715314250373E-04
3.509489132562981E-04
3.505244453560312E-04
3.500982353234214E-04
3.496703896661083E-04
3.492410146015484E-04
3.488102169915946E-04
3.483781054722289E-04
3.479447917662756E-04
3.475103922622063E-04
3.470750298907805E-04
3.466388363477673E-04
3.462019547224807E-04