-3.327964322084350E+00
-3.125786933514492E+00
-2.912053052299506E+00
-2.686784559973669E+00
-2.449994085153802E+00
-2.201689481536435E+00
-1.941878994805500E+00
-1.670577273992294E+00
-1.387812408616267E+00
-1.093634201913614E+00
-7.881239224251182E-01
-4.714058105527243E-01
-1.436606521664050E-01
1.948582342172749E-01
5.438062202555027E-01
9.027254041800479E-01
1.271019062253018E+00
1.647922143927701E+00
2.032467511637591E+00
2.423447764736711E+00
2.819372719497387E+00
3.218422977120756E+00
3.618400538675843E+00
4.016678160957174E+00
4.410150126437273E+00
4.795188341846156E+00
5.167609163555444E+00
5.522657987947813E+00
5.855020254851574E+00
6.158868770684247E+00
6.427957689454960E+00
6.655772482269578E+00
6.835742117653474E+00
6.961513934998830E+00
7.027283198355281E+00
7.028158672086866E+00
6.960534334907429E+00
6.822428057243060E+00
6.613743707807112E+00
6.336416309668529E+00
5.994411583145906E+00
5.593570172367378E+00
5.141309324035225E+00
4.646215609762155E+00
4.117576559213767E+00
3.564903833865105E+00
2.997495662858729E+00
2.424074077458757E+00
1.852516822935938E+00
1.289688507401607E+00
7.413633255869954E-01
2.122238578156246E-01
-2.940830414038071E-01
-7.748522614350719E-01
-1.228205097215831E+00
-1.652965907842692E+00
-2.048540496160232E+00
-2.414802617904815E+00
-2.751992305519590E+00
-3.060627636915495E+00
-3.341430147275833E+00
-3.595263167584456E+00
-3.823081855609807E+00
-4.025893450243721E+00
-4.204726234042615E+00
-4.360605759055764E+00
-4.494537025263398E+00
-4.607491463597150E+00
-4.700397743778261E+00
-4.774135587536726E+00
-4.829531912979538E+00
-4.867358762929989E+00
-4.888332578510948E+00
-4.893114470119126E+00
-4.882311213016600E+00
-4.856476756127863E+00
-4.816114082376154E+00
-4.761677298991784E+00
-4.693573868446752E+00
-4.612166916554575E+00
-4.517777575141912E+00
-4.410687333663370E+00
-4.291140388131677E+00
-4.159345987559881E+00
-4.015480788429801E+00
-3.859691237082481E+00
-3.692096008871968E+00
-3.512788541880248E+00
-3.321839712369417E+00
-3.119300709336009E+00
-2.905206176909121E+00
-2.679577706271145E+00
-2.442427773647001E+00
-2.193764238067918E+00
-1.933595532411665E+00
-1.661936703949920E+00
-1.378816486503847E+00
-1.084285615371439E+00
-7.784266282331931E-01
-4.613654296379330E-01
-1.332849321557052E-01
2.055588783443625E-01
5.548180761350263E-01
9.140307310698450E-01
1.282595247930939E+00
1.659740739945097E+00
2.044493140751129E+00
2.435636900193170E+00
2.831672345106760E+00
3.230769150806715E+00
3.630716901619707E+00
4.028874460683717E+00
4.422120855999577E+00
4.806811638582207E+00
5.178746158056914E+00
5.533152842716273E+00
5.864701174843489E+00
6.167550292360577E+00
6.435444544375727E+00
6.661865266133006E+00
6.840244857596762E+00
6.964243426875150E+00
7.028079689158560E+00
7.026897124848308E+00
6.957135198444515E+00
6.816866257875580E+00
6.606054572200772E+00
6.326697373382724E+00
5.982819731372866E+00
5.580314214279068E+00
5.126638776262467E+00
4.630406998020426E+00
4.100918818901422E+00
3.547684358085498E+00
2.979988253083228E+00
2.406529601712947E+00
1.835156900754900E+00
1.272702120786811E+00
7.249059592484048E-01
1.964186142164710E-01
-3.091429447764860E-01
-7.891001584098660E-01
-1.241597154291021E+00
-1.665477360631833E+00
-2.060162073865612E+00
-2.425537297499272E+00
-2.761852466386838E+00
-3.069632635838520E+00
-3.349604300114539E+00
-3.602634104061565E+00
-3.829679203664416E+00
-4.031747803254978E+00
-4.209868355379689E+00
-4.365065982041100E+00
-4.498344811471741E+00
-4.610675087621052E+00
-4.702984077665063E+00
-4.776149962761084E+00
-4.830998041929373E+00
-4.868298705416965E+00
-4.888766741789512E+00
-4.893061633360801E+00
-4.881788569202373E+00
-4.855499965956621E+00
-4.814697336104333E+00
-4.759833383176611E+00
-4.691314235412017E+00
-4.609501755077491E+00
-4.514715881408886E+00
-4.407236981991763E+00
-4.287308201329790E+00
-4.155137807120527E+00
-4.010901545041537E+00
-3.854745022212983E+00
-3.686786148444219E+00
-3.507117673336425E+00
-3.315809866711527E+00
-3.112913400058499E+00
-2.898462498108382E+00
-2.672478442642750E+00
-2.434973525576643E+00
-2.185955565598737E+00
-1.925433122540739E+00
-1.653421566478351E+00
-1.369950184540525E+00
-1.075070537563363E+00
-7.688663108444622E-01
-4.514649376876374E-01
-1.230513098899753E-01
2.161160764211214E-01
5.656861617436544E-01
9.251931539693761E-01
1.294030751336120E+00
1.671422389399416E+00
2.056387219548247E+00
2.447701670090044E+00
2.843856680078908E+00
3.243011065105414E+00
3.642942012673867E+00
4.040994453675260E+00
4.434032051120088E+00
4.818393804089343E+00
5.189861760739561E+00
5.543646978121902E+00
5.874402464824801E+00
6.176273064801933E+00
6.442992602335515E+00
6.668037490929105E+00
6.844842753407709E+00
6.967080492278313E+00
7.028992200546401E+00
7.025755571759857E+00
6.953855286312251E+00
6.811418177818780E+00
6.598469220218909E+00
6.317068441141987E+00
5.971301082684011E+00
5.567112622310281E+00
5.112002781480188E+00
4.614613193504187E+00
4.084257154000177E+00
3.530444028358570E+00
2.962445456043054E+00
2.388937987741995E+00
1.817741059460593E+00
1.255654017398047E+00
7.083839334036615E-01
1.805483899552183E-01
-3.242658316178346E-01
-8.034070654466756E-01
-1.255042627640583E+00
-1.678035365958358E+00
-2.071822402030712E+00
-2.436302291285369E+00
-2.771734142798696E+00
-3.078650226651849E+00
-3.357782198976306E+00
-3.610000187892840E+00
-3.836263485688409E+00
-4.037581371473108E+00
-4.214982551221562E+00
-4.369491777360540E+00
-4.502112346762456E+00
-4.613813339440426E+00
-4.705520628267434E+00
-4.778110849566239E+00
-4.832407668551479E+00
-4.869179799513102E+00
-4.889140347971459E+00
-4.892947131895024E+00
-4.881203713261442E+00
-4.854460931844482E+00
-4.813218782220061E+00
-4.757928514561393E+00
-4.688994871593077E+00
-4.606778399622568E+00
-4.511597792171957E+00
-4.403732241496029E+00
-4.283423787122878E+00
-4.150879662271763E+00
-4.006274649249928E+00
-3.849753464273978E+00
-3.681433201097136E+00
-3.501405871796111E+00
-3.309741092489265E+00
-3.106488972010380E+00
-2.891683273025452E+00
-2.665344928128490E+00
-2.427486008454540E+00
-2.178114259667082E+00
-1.917238340153978E+00
-1.644873919191878E+00
-1.361050818913530E+00
-1.065821413170566E+00
-7.592705285896795E-01
-4.415271276125843E-01
-1.127780887783114E-01
2.267155663192781E-01
5.765996207341431E-01
9.364043871686611E-01
1.305518812987524E+00
1.683160598573423E+00
2.068342039772411E+00
2.459831451167975E+00
2.856110269529921E+00
3.255326310441667E+00
3.655244195412532E+00
4.053194722803028E+00
4.446025958585324E+00
4.830060087834021E+00
5.201061570219224E+00
5.554223788995635E+00
5.884182975583926E+00
6.185069395948300E+00
6.450606110960411E+00
6.674264449650039E+00
6.849482003097300E+00
6.969942951788646E+00
7.029911810820726E+00
7.024600901045178E+00
6.950540693769833E+00
6.805913214577148E+00
6.590804931074501E+00
6.307339475626779E+00
5.959663025141635E+00
5.553774621841987E+00
5.097216256507664E+00
4.598657937812971E+00
4.067426456510233E+00
3.513030392966174E+00
2.944728214086474E+00
2.371173639382389E+00
1.800156685712604E+00
1.238443674900065E+00
6.917076394292838E-01
1.645331407145765E-01
-3.395236088697011E-01
-8.178381816002425E-01
-1.268601383619455E+00
-1.690695736965282E+00
-2.083574395584325E+00
-2.447148627802665E+00
-2.781687335027232E+00
-3.087730081922999E+00
-3.366013733375919E+00
-3.617411920398691E+00
-3.842886069473485E+00
-4.043446515759451E+00
-4.220122187779753E+00
-4.373937429113171E+00
-4.505894660653025E+00
-4.616961750899575E+00
-4.708063129706325E+00
-4.780073840045434E+00
-4.833815865964883E+00
-4.870056200242988E+00
-4.889506222025577E+00
-4.892822044076235E+00
-4.880605563005403E+00
-4.853406006057440E+00
-4.811721816819144E+00
-4.756002761523023E+00
-4.686652169200547E+00
-4.604029244317259E+00
-4.508451410989689E+00
-4.400196664543368E+00
-4.279505919943817E+00
-4.146585358295179E+00
-4.001608782812060E+00
-3.844720004994092E+00
-3.676035290663193E+00
-3.495645904503835E+00
-3.303620801185131E+00
-3.100009521428335E+00
-2.884845362891153E+00
-2.658148908843967E+00
-2.419932012683271E+00
-2.170202353725276E+00
-1.908968699788013E+00
-1.636247035093339E+00
-1.352067738195880E+00
-1.056484024002483E+00
-7.495818962372987E-01
-4.314918912558117E-01
-1.024029295809612E-01
2.374213743794638E-01