-3.976224719266916E-01
-3.978397469581918E-01
-3.980493579887234E-01
-3.982068543480728E-01
-3.983322751825924E-01
-3.983000361841340E-01
-3.982146911115287E-01
-3.980678006901692E-01
-3.978614506009663E-01
-3.976246043337508E-01
-3.973693113187950E-01
-3.971502133604277E-01
-3.970649465751319E-01
-3.970634611483426E-01
-3.971293760214250E-01
-3.973037116511839E-01
-3.975059511278669E-01
-3.977737816865765E-01
-3.979809641583645E-01
-3.981072817842495E-01
-3.981805019137332E-01
-3.982071868629402E-01
-3.981132187760990E-01
-3.979647990247961E-01
-3.977113277788578E-01
-3.974700845293841E-01
-3.972590830230562E-01
-3.970540079919318E-01
-3.969302896423215E-01
-3.969159056311440E-01
-3.970105105121002E-01
-3.972076382968686E-01
-3.974254726032458E-01
-3.976142456851770E-01
-3.978450595552188E-01
-3.979926580392679E-01
-3.980814060618545E-01
-3.980548245900757E-01
-3.979451672823902E-01
-3.977929209274469E-01
-3.976010423831908E-01
-3.973166244773982E-01
-3.970753294731797E-01
-3.968794406965939E-01
-3.967827170726033E-01
-3.967972288516468E-01
-3.968594284675289E-01
-3.970283860728550E-01
-3.972676919020350E-01
-3.975015059944866E-01
-3.976924824899704E-01
-3.978292710643105E-01
-3.978710686435121E-01
-3.979024575209913E-01
-3.977946977856788E-01
-3.976061848773493E-01
-3.973706935298855E-01
-3.971264159598518E-01
-3.968987185178237E-01
-3.967157252069240E-01
-3.965686001007971E-01
-3.965797923744254E-01
-3.967022826111148E-01
-3.968674026732213E-01
-3.970891569690178E-01
-3.972865911547185E-01
-3.974954352933542E-01
-3.976540972829861E-01
-3.977049371016572E-01
-3.976570348489905E-01
-3.975711319804089E-01
-3.973841550729602E-01
-3.971841626449184E-01
-3.969031236498437E-01
-3.966412326905460E-01
-3.964738213559116E-01
-3.963871740848237E-01
-3.963767205381421E-01
-3.964713280902787E-01
-3.966330384195320E-01
-3.968758707921241E-01
-3.971184016802958E-01
-3.972660913301205E-01
-3.974048033130955E-01
-3.974613412939181E-01
-3.974502902098687E-01
-3.973391199099117E-01
-3.971366585991631E-01
-3.968861667576695E-01
-3.966706731785026E-01
-3.964131539822482E-01
-3.962280297070975E-01
-3.961135730108902E-01
-3.961171099051544E-01
-3.962538160581510E-01
-3.964277321661478E-01
-3.966164286466427E-01
-3.968426813132806E-01
-3.970413154734296E-01
-3.971711169479579E-01
-3.972245101629932E-01
-3.971467201829117E-01
-3.970610747825514E-01
-3.968854285871981E-01
-3.966382471213645E-01
-3.963632171102858E-01
-3.961230302153154E-01
-3.959405907994495E-01
-3.958796699049179E-01
-3.958558844909765E-01
-3.959540224249043E-01
-3.961509966544923E-01
-3.963708317925385E-01
-3.965992118229094E-01
-3.967575725216492E-01
-3.968618622451319E-01
-3.969316732009738E-01
-3.969057298172198E-01
-3.967520807949758E-01
-3.965653200908110E-01
-3.963049707536761E-01
-3.960801537417218E-01
-3.958359772377440E-01
-3.956259700129243E-01
-3.955328605633508E-01
-3.955723977954821E-01
-3.956760338576084E-01
-3.958641036339912E-01
-3.960526017958756E-01
-3.962674395355907E-01
-3.964785103736714E-01
-3.965732229340675E-01
-3.966024748990293E-01
-3.965460172466813E-01
-3.964254730019321E-01
-3.962446310044334E-01
-3.959948217298594E-01
-3.956892792741087E-01
-3.954811386688000E-01
-3.953021418412683E-01
-3.952235569648066E-01
-3.952237338526230E-01
-3.953193586446437E-01
-3.955224513032951E-01
-3.957606796102520E-01
-3.959393554380877E-01
-3.961060607905249E-01
-3.962187240080515E-01
-3.962535328495707E-01
-3.962232495284024E-01
-3.960488947360086E-01
-3.958444385938225E-01
-3.956105191021220E-01
-3.953550420400123E-01
-3.951035021575817E-01
-3.949218923526330E-01
-3.948149392470144E-01
-3.948821051235336E-01
-3.949885866439597E-01
-3.951503978926616E-01
-3.953634049448562E-01
-3.955761529209931E-01
-3.957595004506700E-01
-3.958601230148111E-01
-3.958498095784948E-01
-3.957996839254878E-01
-3.956874848264103E-01
-3.954587908337617E-01
-3.952114920073007E-01
-3.949174655693084E-01
-3.946970452636229E-01
-3.945424040652474E-01
-3.944507536861106E-01
-3.944500849154400E-01
-3.945884089262637E-01
-3.947680105402926E-01
-3.950064473400934E-01
-3.951862540838076E-01
-3.953241647371448E-01
-3.954506604546335E-01
-3.954761524074677E-01
-3.953994135901699E-01
-3.952398558716903E-01
-3.950190583525712E-01
-3.947806593404024E-01
-3.945355327400248E-01
-3.942509326020081E-01
-3.940926602258974E-01
-3.940176808703253E-01
-3.940620313543861E-01
-3.941822881833277E-01
-3.943470334352110E-01
-3.945476466118012E-01
-3.947858858050648E-01
-3.949295325348308E-01
-3.950136498400618E-01
-3.950150566612756E-01
-3.949358622316574E-01
-3.948200444020333E-01
-3.945858916724265E-01
-3.943004085782933E-01
-3.940375740299480E-01
-3.938188304941206E-01
-3.936472320759037E-01
-3.935793192617045E-01
-3.935697087003380E-01
-3.937270350144015E-01
-3.939242425688938E-01
-3.941209551212821E-01
-3.943048774911369E-01
-3.944553338712136E-01
-3.945457053643142E-01
-3.945762916776447E-01
-3.944671088726626E-01
-3.942923835049226E-01
-3.940924896539868E-01
-3.938247547212321E-01
-3.935696873646459E-01
-3.933044336736156E-01
-3.931297294351181E-01
-3.930865430663153E-01
-3.931368761456064E-01
-3.932282248467895E-01
-3.934233870967740E-01
-3.936180457062479E-01
-3.938426623944962E-01
-3.939855986265324E-01
-3.940318993989194E-01
-3.940351984363102E-01
-3.939693267763902E-01
-3.938004069104997E-01
-3.935705886998615E-01
-3.932829100588318E-01
-3.930093769590044E-01
-3.928142025090886E-01
-3.926251963715652E-01
-3.925561045185499E-01
-3.925857488431148E-01
-3.927273531538875E-01
-3.929292236139639E-01
-3.931292186678237E-01
-3.932779329372451E-01
-3.934531065175542E-01
-3.935287067564257E-01
-3.935207896698185E-01
-3.934158024374226E-01
-3.932251151312973E-01
-3.930188731651285E-01
-3.927630041804551E-01
-3.924648727648956E-01
-3.922223672557019E-01
-3.920744965300655E-01
-3.920131844507626E-01
-3.920826763531231E-01
-3.921714009914650E-01
-3.923615097300268E-01
-3.925834999156843E-01
-3.927767614487376E-01
-3.929004516921513E-01
-3.929599928388465E-01
-3.929286556507448E-01
-3.928717884741983E-01
-3.926871169543500E-01
-3.924202407203783E-01
-3.921558906696831E-01
-3.918854200882858E-01
-3.916726053732893E-01
-3.915061262753099E-01
-3.914228360915768E-01
-3.914779290318782E-01
-3.916430126949539E-01
-3.918052237425189E-01
-3.920158258253803E-01
-3.921704129664823E-01
-3.923207443659031E-01
-3.924010342808322E-01
-3.923628676818858E-01
-3.922350083096753E-01
-3.920696895768605E-01
-3.918281630927800E-01
-3.915690966091738E-01
-3.912759677012791E-01
-3.910168605269493E-01
-3.909017918929307E-01
-3.908488364267215E-01
-3.908907556442942E-01
-3.910102864729086E-01
-3.911972080356667E-01
-3.914124291626793E-01
-3.916103280196548E-01
-3.916889305722158E-01
-3.917573369383323E-01
-3.917327062766347E-01
-3.916314417322198E-01
-3.914437440838123E-01
-3.911713156274754E-01
-3.908886534674088E-01
-3.906476140536204E-01
-3.904083492782415E-01
-3.902427215234263E-01
-3.901916158703302E-01
-3.902364538737648E-01
-3.904144240331624E-01
-3.905778322784896E-01
-3.907545089936344E-01
-3.909349117363436E-01
-3.910756183928106E-01
-3.911162486715714E-01
-3.910838893357720E-01
-3.909282979388113E-01
-3.907658036441795E-01
-3.905274232889198E-01
-3.902263056908561E-01
-3.899453615159134E-01
-3.897116932309348E-01
-3.895766322589738E-01
-3.895500121323803E-01
-3.895822361851924E-01
-3.897008726244713E-01
-3.899190801904380E-01
-3.901064371835266E-01
-3.902908265772440E-01
-3.903745172989681E-01
-3.904121213284923E-01
-3.903975898763909E-01
-3.902829961785241E-01
-3.900485948811518E-01
-3.898015865286368E-01
-3.895112831524250E-01
-3.892611882393091E-01
-3.890341195831903E-01
-3.888535580478234E-01
-3.888266174191306E-01
-3.889016166068024E-01
-3.890427154261367E-01
-3.892216260462404E-01
-3.894006737502218E-01
-3.895612626246789E-01
-3.897147157299818E-01
-3.897197997657689E-01
-3.896678561163285E-01
-3.895299974275968E-01
-3.893388281681420E-01
-3.890938813090370E-01
-3.887954565314293E-01
-3.884863346024654E-01
-3.882936776194397E-01
-3.881607096120099E-01
-3.881146048544954E-01
-3.881730285963405E-01
-3.882926387160299E-01
-3.885115785432967E-01
-3.887085626789399E-01
-3.888471985623414E-01
-3.889405445008842E-01
-3.889862955112564E-01
-3.889287798778489E-01
-3.888166912901376E-01
-3.885632725053876E-01
-3.883023003282660E-01
-3.880356125025162E-01
-3.877626278519199E-01
-3.875282059226839E-01
-3.873799855141351E-01
-3.873392348495484E-01
-3.874413441311553E-01