-1.343918199987533E-01
-1.350884668083552E-01
-1.355543121801439E-01
-1.352945622384387E-01
-1.345682634424448E-01
-1.341179125618128E-01
-1.343993422842746E-01
-1.351094798817101E-01
-1.355000462801250E-01
-1.351545594784465E-01
-1.344217352174799E-01
-1.340520201713657E-01
-1.344181641974849E-01
-1.351290623459964E-01
-1.354353401668018E-01
-1.350072246600282E-01
-1.342780773432239E-01
-1.339939846145444E-01
-1.344390829240643E-01
-1.351408777641778E-01
-1.353603399281547E-01
-1.348588201756837E-01
-1.341460370366192E-01
-1.339505262851404E-01
-1.344637566357056E-01
-1.351416183807601E-01
-1.352691166076625E-01
-1.347031132398404E-01
-1.340210094273380E-01
-1.339203169827401E-01
-1.344948716346794E-01
-1.351374414914794E-01
-1.351692774667488E-01
-1.345456123576219E-01
-1.339028886311018E-01
-1.338971130240436E-01
-1.345232577225177E-01
-1.351211134456038E-01
-1.350593894101428E-01
-1.343911777002300E-01
-1.337996520865052E-01
-1.338877072230293E-01
-1.345519857827546E-01
-1.350916002540978E-01
-1.349351236336234E-01
-1.342338153934550E-01
-1.337054622732743E-01
-1.338883755705098E-01
-1.345817059578205E-01
-1.350547465603593E-01
-1.348052303779184E-01
-1.340805546038890E-01
-1.336215899057356E-01
-1.338937156662572E-01
-1.346032652997120E-01
-1.350029719914028E-01
-1.346674387251301E-01
-1.339344418990338E-01
-1.335541863869456E-01
-1.339101666029316E-01
-1.346211925937841E-01
-1.349377282156423E-01
-1.345196142111555E-01
-1.337898607035242E-01
-1.334956779680725E-01
-1.339318885277814E-01
-1.346348951662779E-01
-1.348643477663236E-01
-1.343707080957477E-01
-1.336546731193262E-01
-1.334484422473057E-01
-1.339548111457611E-01
-1.346365177967028E-01
-1.347753722840372E-01
-1.342167905896838E-01
-1.335297148924688E-01
-1.334170655964686E-01
-1.339849028367428E-01
-1.346317433460269E-01
-1.346745201262047E-01
-1.340575924131282E-01
-1.334100231312638E-01
-1.333934179345782E-01
-1.340146912791833E-01
-1.346180188807558E-01
-1.345662043529714E-01
-1.339022357902011E-01
-1.333038866074079E-01
-1.333807920828056E-01
-1.340416369569504E-01
-1.345889036862313E-01
-1.344436176977630E-01
-1.337460677451610E-01
-1.332097828112198E-01
-1.333810781831422E-01
-1.340709360031704E-01
-1.345515990255970E-01
-1.343126850163279E-01
-1.335905847705003E-01
-1.331233997477084E-01
-1.333855537033515E-01
-1.340942006028865E-01
-1.345027237426650E-01
-1.341765998080096E-01
-1.334435481807679E-01
-1.330527855058634E-01
-1.333987982032210E-01
-1.341109040250810E-01
-1.344378345346695E-01
-1.340293511223014E-01
-1.332990743529721E-01
-1.329941957487066E-01
-1.334208397836196E-01
-1.341253350063167E-01
-1.343645508698710E-01
-1.338785409083845E-01
-1.331605367527851E-01
-1.329443064487466E-01
-1.334432064648323E-01
-1.341286916958766E-01
-1.342782275641612E-01
-1.337259293797934E-01
-1.330345210891846E-01
-1.329104441312008E-01
-1.334710211839405E-01
-1.341225431638717E-01
-1.341768618180756E-01
-1.335666216049212E-01
-1.329144765066741E-01
-1.328867588336442E-01
-1.335018472664249E-01
-1.341101835099545E-01
-1.340687491989381E-01
-1.334093671950380E-01
-1.328049057134342E-01
-1.328710042053147E-01
-1.335280437382582E-01
-1.340830968842190E-01
-1.339487486114059E-01
-1.332542108659192E-01
-1.327099232340836E-01
-1.328693494367068E-01
-1.335557464998269E-01
-1.340450615774422E-01
-1.338171337564957E-01
-1.330973690701818E-01
-1.326223276881384E-01
-1.328742797250366E-01
-1.335810211158435E-01
-1.339982925230829E-01
-1.336814867600415E-01
-1.329479886707927E-01
-1.325479579944042E-01
-1.328849625426198E-01
-1.335975750586655E-01
-1.339349693729170E-01
-1.335359667589326E-01
-1.328043080725310E-01
-1.324889516251073E-01
-1.329061719176192E-01
-1.336114693475994E-01
-1.338608090697704E-01
-1.333835254738296E-01
-1.326638984663147E-01
-1.324378740784720E-01
-1.329290784792749E-01
-1.336171071226107E-01
-1.337769554245807E-01
-1.332313737681865E-01
-1.325356698972768E-01
-1.324006428306141E-01
-1.329543085532148E-01
-1.336105085417958E-01
-1.336769558276547E-01
-1.330733553642875E-01
-1.324158253680257E-01
-1.323766636422554E-01
-1.329852002669725E-01
-1.335983545738588E-01
-1.335681845711787E-01
-1.329139694378252E-01
-1.323031921033224E-01
-1.323590660111438E-01
-1.330124402393251E-01
-1.335741094097485E-01
-1.334504648996495E-01
-1.327588420438035E-01
-1.322059049861328E-01
-1.323543863112813E-01
-1.330382675308999E-01
-1.335357411691283E-01
-1.333189604127671E-01
-1.326019298612580E-01
-1.321183858618586E-01
-1.323597574352198E-01
-1.330644147828144E-01
-1.334895860708336E-01
-1.331822839267631E-01
-1.324496259896735E-01
-1.320407438280566E-01
-1.323687838996093E-01
-1.330816954404797E-01
-1.334286698025617E-01
-1.330389710397235E-01
-1.323059931389348E-01
-1.319797115724508E-01
-1.323876139137230E-01
-1.330939913846474E-01
-1.333537379769170E-01
-1.328860650871684E-01
-1.321649280624067E-01
-1.319281010230240E-01
-1.324112009951883E-01
-1.331015397730382E-01
-1.332711036511647E-01
-1.327327800211071E-01
-1.320334423927128E-01
-1.318871963183155E-01
-1.324346454008882E-01
-1.330960740320266E-01
-1.331736001655912E-01
-1.325762090947664E-01
-1.319132819908939E-01
-1.318619581522391E-01
-1.324642567139547E-01
-1.330830406866865E-01
-1.330639161414935E-01
-1.324151962699123E-01
-1.317989510612205E-01
-1.318441654606599E-01
-1.324932171704247E-01
-1.330611508252912E-01
-1.329474244454221E-01
-1.322589216493466E-01
-1.316984408854893E-01
-1.318362552610530E-01
-1.325177307626511E-01
-1.330235075642212E-01
-1.328175279784782E-01
-1.321032496767793E-01
-1.316110832752755E-01
-1.318410066059044E-01
-1.325434084856683E-01
-1.329769664596849E-01
-1.326796036524012E-01
-1.319487757374742E-01
-1.315314104294294E-01
-1.318495579275125E-01
-1.325625215207935E-01
-1.329190844299803E-01
-1.325379289452266E-01
-1.318037937291527E-01
-1.314671518908861E-01
-1.318655087791649E-01
-1.325737058599648E-01
-1.328448413390957E-01
-1.323860411992988E-01
-1.316628994395024E-01
-1.314154203978566E-01
-1.318895928570656E-01
-1.325820323961562E-01
-1.327620122307520E-01
-1.322308732215713E-01
-1.315283193209384E-01
-1.313719402686484E-01
-1.319129749549239E-01
-1.325788603330320E-01
-1.326670744118914E-01
-1.320753209631329E-01
-1.314069999482554E-01
-1.313441457823827E-01
-1.319402332934043E-01
-1.325647623048141E-01
-1.325572185510682E-01
-1.319140736336726E-01
-1.312924982850703E-01
-1.313266738986256E-01
-1.319700709357177E-01
-1.325440102309368E-01
-1.324407936427641E-01
-1.317556264483377E-01
-1.311883663778168E-01
-1.313159891094557E-01
-1.319943142189448E-01
-1.325083100886590E-01
-1.323134496855864E-01
-1.316009442214130E-01
-1.310996071459549E-01
-1.313185417348004E-01
-1.320184757820460E-01
-1.324609154083023E-01
-1.321746953909839E-01
-1.314452842522107E-01
-1.310189284215342E-01
-1.313273709971015E-01
-1.320395748598433E-01
-1.324050912229267E-01
-1.320327975003264E-01
-1.312975603830855E-01
-1.309509606936696E-01
-1.313407567644449E-01
-1.320507582385038E-01
-1.323326821002588E-01
-1.318826016664587E-01
-1.311569896928744E-01
-1.308985688596225E-01
-1.313639978238834E-01
-1.320581751172880E-01
-1.322488301099256E-01
-1.317258883756178E-01
-1.310204074891996E-01
-1.308540398323317E-01
-1.313882840811746E-01
-1.320573112891923E-01
-1.321559380580546E-01
-1.315704350698550E-01
-1.308967214661070E-01
-1.308226362955216E-01
-1.314131784510324E-01
-1.320432082414706E-01
-1.320474096595345E-01
-1.314105050025660E-01
-1.307825761545207E-01
-1.308047474621667E-01
-1.314428703742114E-01
-1.320226304745420E-01
-1.319303060274111E-01
-1.312497488999191E-01
-1.306756489204699E-01
-1.307927488076559E-01
-1.314682794572899E-01
-1.319899654273411E-01
-1.318053559292522E-01
-1.310947141611836E-01
-1.305843196650525E-01
-1.307924590892435E-01
-1.314908512572508E-01
-1.319424085917784E-01
-1.316670756369098E-01
-1.309393014457616E-01
-1.305036075126249E-01
-1.308018837754441E-01
-1.315130791690047E-01
-1.318869325309671E-01
-1.315239364572938E-01
-1.307888205704848E-01
-1.304325974367433E-01
-1.308139163075741E-01
-1.315255491604828E-01
-1.318172384207037E-01
-1.313755978870130E-01
-1.306481245815501E-01
-1.303782784675107E-01
-1.308346099123103E-01
-1.315314490236335E-01
-1.317330013945501E-01
-1.312185184017287E-01
-1.305109197365812E-01
-1.303335753891541E-01
-1.308597750210772E-01
-1.315321709471877E-01
-1.316411288618780E-01
-1.310618572237203E-01
-1.303836495022057E-01
-1.302985955420943E-01
-1.308834205422107E-01