7.182537902566288E-02
7.208167162787671E-02
7.218875018728799E-02
7.196690398638150E-02
7.207534975234520E-02
7.194608048811069E-02
7.181567890855245E-02
7.176175245708771E-02
7.168725284113386E-02
7.200452401765656E-02
7.198037209340047E-02
7.194143322230584E-02
7.205004806751103E-02
7.196085573400635E-02
7.206491579008967E-02
7.190769791714646E-02
7.192893114725529E-02
7.220766774941079E-02
7.217469018677991E-02
7.226129016312766E-02
7.212355449262486E-02
7.207455984436550E-02
7.211454448371213E-02
7.179202112376326E-02
7.184482779541579E-02
7.195908567172182E-02
7.211997630489675E-02
7.232503388094935E-02
7.221964809716019E-02
7.242894747258677E-02
7.240893235350065E-02
7.218747501851985E-02
7.214990798158549E-02
7.200195152712130E-02
7.220130421723048E-02
7.221649057404611E-02
7.213058408397144E-02
7.232777513398370E-02
7.226535511588139E-02
7.230988009159312E-02
7.217599396406360E-02
7.209069722055306E-02
7.239540763892260E-02
7.237116167015079E-02
7.245935238801171E-02
7.251647724867949E-02
7.249764564126671E-02
7.256956118804658E-02
7.220800650281944E-02
7.213209158186040E-02
7.220502039309040E-02
7.218292796808812E-02
7.238159281006484E-02
7.236223149397647E-02
7.260591954056106E-02
7.275370675843740E-02
7.254395364583544E-02
7.254362622828237E-02
7.239616823997230E-02
7.247154754128604E-02
7.249608819276587E-02
7.233546585678452E-02
7.258429196605576E-02
7.259686645898733E-02
7.256422390038941E-02
7.248545202502976E-02
7.233102957645121E-02
7.256917036862864E-02
7.251501869360211E-02
7.254990554627194E-02
7.277297545962114E-02
7.280832598701803E-02
7.295682783375645E-02
7.270582677501891E-02
7.254887646167396E-02
7.259790412402922E-02
7.241323096905794E-02
7.249042525978378E-02
7.247868608942443E-02
7.267979842007932E-02
7.296214713849558E-02
7.279732398177163E-02
7.285518075307640E-02
7.281567641604902E-02
7.277982394621763E-02
7.279165271159105E-02
7.259117268404447E-02
7.283304105935451E-02
7.291513399238947E-02
7.282669070250880E-02
7.284407452428154E-02
7.266923493345878E-02
7.279175037951569E-02
7.271333559338000E-02
7.262300877705807E-02
7.289529351770496E-02
7.298237533496499E-02
7.319155414889833E-02
7.311928463113371E-02
7.297775585215094E-02
7.308943492247777E-02
7.282247475734427E-02
7.272451897400178E-02
7.269939862701391E-02
7.278378146583409E-02
7.307452571923045E-02
7.295872643552337E-02
7.307050097007628E-02
7.317646300108516E-02
7.306928851327088E-02
7.308964677661001E-02
7.289193760698742E-02
7.305341545951349E-02
7.320266292649524E-02
7.308978399492272E-02
7.318671467357962E-02
7.307096176088179E-02
7.311280074114013E-02
7.302651340444899E-02
7.277611374443693E-02
7.300221422987274E-02
7.309696631893825E-02
7.325524661731064E-02
7.335420658241354E-02
7.331499874906378E-02
7.352979619260802E-02
7.329939040002764E-02
7.309313289001151E-02
7.307467380823351E-02
7.300092875977771E-02
7.319906034815449E-02
7.311947325484214E-02
7.321032455090659E-02
7.344176983384498E-02
7.333562426125417E-02
7.336217513761456E-02
7.319873223779494E-02
7.326323855248185E-02
7.345843088075465E-02
7.331084281543521E-02
7.345147930338869E-02
7.348219468172124E-02
7.348336971765135E-02
7.342345288389907E-02
7.309224427470395E-02
7.321760178238668E-02
7.325229548094581E-02
7.325874126102860E-02
7.345517705292637E-02
7.350070562833322E-02
7.379017441691094E-02
7.371983935860493E-02
7.350200845623256E-02
7.352524281223016E-02
7.336195033858406E-02
7.342662489584662E-02
7.334001837171278E-02
7.334334621209115E-02
7.365917052569126E-02
7.358104961225043E-02
7.358363545978630E-02
7.351428672512239E-02
7.349795470140386E-02
7.367096628434777E-02
7.349104601553380E-02
7.363414759432563E-02
7.381441669775346E-02
7.380196417153950E-02
7.383392683593004E-02
7.354551748357263E-02
7.356156514755563E-02
7.354551306272805E-02
7.336923888939140E-02
7.352589579985880E-02
7.358815396415697E-02
7.388398677742725E-02
7.398889155650989E-02
7.381434762559125E-02
7.394280502024886E-02
7.381395705083560E-02
7.373750017575564E-02
7.364325031758523E-02
7.355967640531924E-02
7.387027469667307E-02
7.381074529463416E-02
7.378488445968467E-02
7.384436299341735E-02
7.376275833882451E-02
7.387618312848532E-02
7.369163776861831E-02
7.375452298074037E-02
7.402167529514525E-02
7.402418950146283E-02
7.415257095316963E-02
7.399840862469165E-02
7.398113950432150E-02
7.399051108020349E-02
7.365778848881099E-02
7.368666620257613E-02
7.372971366656977E-02
7.391348752037130E-02
7.409817791441542E-02
7.399637794163594E-02
7.424185494788871E-02
7.422510978467667E-02
7.406438385959979E-02
7.401540435156528E-02
7.386869166146326E-02
7.409004317252710E-02
7.406349530466483E-02
7.399525141292607E-02
7.415608220625480E-02
7.407051367404982E-02
7.412949790845502E-02
7.395154221377376E-02
7.388011859830845E-02
7.416791341964935E-02
7.415899682413074E-02
7.430104977887741E-02
7.433927828361298E-02
7.437240521496924E-02
7.446131255609556E-02
7.408834956712163E-02
7.401370538760776E-02
7.402336347247274E-02
7.400338450115140E-02
7.416729929752108E-02
7.411301460142039E-02
7.438705118821498E-02
7.451640046938324E-02
7.435452056331049E-02
7.437254404785021E-02
7.421980641329462E-02
7.433989189489387E-02
7.434516580715389E-02
7.420470741146112E-02
7.443633476297551E-02
7.441924525897470E-02
7.441685988129954E-02
7.428284377060645E-02
7.411403723019006E-02
7.434305784490847E-02
7.426655099480173E-02
7.433486290975910E-02
7.453710223897692E-02
7.462000900025645E-02
7.481159365333223E-02
7.455702130375408E-02
7.444182106356312E-02
7.445382767683961E-02
7.426211391505744E-02
7.432427451853774E-02
7.425144423243291E-02
7.445845268083073E-02
7.470897520300546E-02
7.456456298914182E-02
7.464163093880805E-02
7.457932739750284E-02
7.460442147284563E-02
7.461569312738536E-02
7.442322866355022E-02
7.468351012080943E-02
7.474677751860059E-02
7.469457883632935E-02
7.467207367844386E-02
7.447686525396491E-02
7.459972469150800E-02
7.446588580990077E-02
7.438844127507394E-02
7.463144938624544E-02
7.472417693924926E-02
7.498484783774750E-02
7.491437746424001E-02
7.482711265119146E-02
7.493752798440045E-02
7.467934545648003E-02
7.459976258154932E-02
7.450492926829777E-02
7.458821356729439E-02
7.485361585871386E-02
7.471428543753156E-02
7.483567480275188E-02
7.490859701000163E-02
7.484731493025665E-02
7.487024844891765E-02
7.466847841494806E-02
7.487443944452177E-02
7.500787930445907E-02
7.493631942183820E-02
7.503338864291043E-02
7.489455082337759E-02
7.495405877283967E-02
7.481834025492384E-02
7.456269771986412E-02
7.474801526098540E-02
7.480779634355406E-02
7.500973496692898E-02
7.508863779967823E-02
7.508527186332636E-02
7.533658797305809E-02
7.512219312898250E-02
7.495938291116877E-02
7.489891416130234E-02
7.483288990433046E-02
7.501987739084548E-02
7.489073426763304E-02
7.499242377223414E-02
7.517935841853984E-02
7.508359417237553E-02
7.512076844197435E-02
7.493201120611870E-02
7.503353168600624E-02
7.521828269217878E-02
7.510977938189378E-02
7.527620702223015E-02
7.528472064590774E-02
7.533638344325766E-02
7.525470236990595E-02
7.490402816895014E-02
7.500674561628395E-02
7.498794108014017E-02
7.500913217939109E-02
7.516169435661935E-02
7.521205125347352E-02
7.554442629515234E-02
7.547381286388610E-02
7.531675312924913E-02
7.533617020849914E-02
7.518108627910003E-02
7.526717996491028E-02
7.513855920496293E-02
7.515020618246182E-02
7.542342117834866E-02
7.533503651428886E-02
7.535339262814533E-02
7.522880965964274E-02
7.523326471031777E-02
7.540342053766014E-02
7.522950915309234E-02
7.540460148710837E-02
7.557218282875522E-02
7.562335347759630E-02
7.566175118469376E-02
7.536249204950130E-02
7.539574028205887E-02
7.532439885482978E-02
7.514535507240838E-02
7.526092571342713E-02
7.528404370004083E-02
7.560314720373129E-02
7.569069980847831E-02
7.556454739230056E-02
7.570384124620211E-02
7.558195396362111E-02
7.556484876068059E-02
7.544177694096166E-02
7.536538101959689E-02
7.566733054778152E-02
7.558678983553868E-02
7.557513744880451E-02
7.557553929875427E-02
7.550097100969366E-02
7.560815233484774E-02
7.538982833875307E-02
7.548266409602156E-02
7.573025407170597E-02