6.575114893578871E-04
6.971881696493654E-04
7.960706430427678E-04
9.536267881440352E-04
1.164598651151039E-03
1.417773526306121E-03
1.695740438279358E-03
1.976361227592704E-03
2.236027309361788E-03
2.453731018281502E-03
2.614368540530876E-03
2.710118799926775E-03
2.739849361635294E-03
2.707365542562457E-03
2.619462858724830E-03
2.484387323464787E-03
2.310883742849157E-03
2.107749441245588E-03
1.883718988379357E-03
1.647511046371619E-03
1.407908807745883E-03
1.173790330005531E-03
9.540657503244176E-04
7.575135427622115E-04
5.925352352633695E-04
4.668622406356349E-04
3.872445306605243E-04
3.591283995074690E-04
3.862967983021548E-04
4.704160282233971E-04
6.104291602238021E-04
8.017864210572156E-04
1.035629591763509E-03
1.298245001445153E-03
1.571283858883277E-03
1.833232111316363E-03
2.062206001617994E-03
2.239424184668160E-03
2.352142291018211E-03
2.394972999496758E-03
2.369335174518206E-03
2.281641462641204E-03
2.141160678686305E-03
1.958260782801702E-03
1.743309450616515E-03
1.506185048517850E-03
1.256211153958908E-03
1.002315536480225E-03
7.532533845253653E-04
5.177794231432387E-04
3.046907662369591E-04
1.226949225472396E-04
-1.990816098462744E-05
-1.157033259229223E-04
-1.587359148524925E-04
-1.451074334042346E-04
-7.352041055774805E-05
5.426910768768778E-05
2.331030610411844E-04
4.541868108347558E-04
7.050254012876955E-04
9.696751340664278E-04
1.229530913610777E-03
1.464840804269674E-03
1.656921290947633E-03
1.790669358975094E-03
1.856644991907519E-03
1.852017050822496E-03
1.780105629768158E-03
1.648844140301975E-03
1.468834825463894E-03
1.251626993383326E-03
1.008556656338033E-03
7.501875309268158E-04
4.862177361597553E-04
2.256651831684664E-04
-2.283821568016542E-05
-2.507781693080746E-04
-4.496207660077411E-04
-6.108893100074675E-04
-7.265109826682381E-04
-7.894426833213591E-04
-7.945144196543352E-04
-7.393471802876195E-04
-6.251449043657709E-04
-4.571641867877618E-04
-2.447402480444394E-04
-8.582784236654817E-07
2.586546941381052E-04
5.162204037667539E-04
7.538143237635353E-04
9.544394173355286E-04
1.103682801593786E-03
1.191161978366662E-03
1.211562126840260E-03
1.164970295790546E-03
1.056381786469718E-03
8.945227870462702E-04
6.903489891949555E-04
4.556257597654323E-04
2.018768643297086E-04
-6.019600066409225E-05
-3.208726562342612E-04
-5.712809532965046E-04
-8.031152785124007E-04
-1.008339757558652E-03
-1.178993554933783E-03
-1.307206520763771E-03
-1.385522243722015E-03
-1.407590449863605E-03
-1.369206148231328E-03
-1.269531959066761E-03
-1.112182938458162E-03
-9.057740516267287E-04
-6.636250872462668E-04
-4.025880435882812E-04
-1.412726015477261E-04
1.018861849280128E-04
3.103247418314581E-04
4.706087433712369E-04
5.732296350036137E-04
6.130002011150992E-04
5.890995363637686E-04
5.047804061693029E-04
3.667488560799015E-04
1.842750090519374E-04
-3.183464072087361E-05
-2.702290977314448E-04
-5.198087356976799E-04
-7.702301874630280E-04
-1.012107907604864E-03
-1.236967250809684E-03
-1.437041710232734E-03
-1.605020704833038E-03
-1.733857865588107E-03
-1.816753865945486E-03
-1.847431319610848E-03
-1.820803857688347E-03
-1.734071567550899E-03
-1.588114880084035E-03
-1.388818911568279E-03
-1.147752904316235E-03
-8.816580713908451E-04
-6.105932476039300E-04
-3.551968066357603E-04
-1.339361614256518E-04
3.886617348314303E-05
1.539096828206965E-04
2.068576933211830E-04
1.977321536763554E-04
1.301151523289690E-04
1.035809328620019E-05
-1.531410130155564E-04
-3.506035776847938E-04
-5.714981144979703E-04
-8.051204141867885E-04
-1.041088155831815E-03
-1.269703056697935E-03
-1.482149575938507E-03
-1.670531146466203E-03
-1.827779752426650E-03
-1.947503403162187E-03
-2.023857159800357E-03
-2.051539936083202E-03
-2.026031916379623E-03
-1.944185147513267E-03
-1.805232447612326E-03
-1.612141411579060E-03
-1.372985539429550E-03
-1.101706929368618E-03
-8.175406538555308E-04
-5.427442569487795E-04
-2.991083824337437E-04
-1.044748943392904E-04
2.949238383642694E-05
9.778180991837360E-05
1.011178222203313E-04
4.442217472089283E-05
-6.469358127070279E-05
-2.170813834361240E-04
-4.028143629888348E-04
-6.116500570279015E-04
-8.333290002440208E-04
-1.057807293719293E-03
-1.275471901635683E-03
-1.477343230053663E-03
-1.655243511361704E-03
-1.801905598675546E-03
-1.911012105194843E-03
-1.977181978253029E-03
-1.995952248892152E-03
-1.963830476432449E-03
-1.878513371959656E-03
-1.739370650444272E-03
-1.548260216731379E-03
-1.310635994697051E-03
-1.036699577200650E-03
-7.420590295943441E-04
-4.471677018678122E-04
-1.750349258227146E-04
5.250550978352919E-05
2.187085869564953E-04
3.144386775648655E-04
3.384717165619833E-04
2.959507167652475E-04
1.960640553875237E-04
4.991821650968120E-05
-1.309260061468365E-04
-3.352317474050182E-04
-5.523736028827386E-04
-7.723633806211438E-04
-9.857926351042323E-04
-1.183801350693514E-03
-1.358121011643121E-03
-1.501194276356088E-03
-1.606344313120900E-03
-1.667956224062905E-03
-1.681641532462308E-03
-1.644381242202897E-03
-1.554675625999202E-03
-1.412758345048282E-03
-1.220945365201231E-03
-9.841690396692471E-04
-7.106737462097001E-04
-4.127027498395108E-04
-1.067994418662011E-04
1.868202079293724E-04
4.462798575906035E-04
6.513580788762852E-04
7.871770777807541E-04
8.468039323812349E-04
8.316995517247960E-04
7.500831176594502E-04
6.142389434966589E-04
4.379386251320838E-04
2.346602638860773E-04
1.670847303447687E-05
-2.049927958927000E-04
-4.207382957481798E-04
-6.217574417481941E-04
-7.999685154942426E-04
-9.478586275770695E-04
-1.058523938093359E-03
-1.125864633857887E-03
-1.144897388216215E-03
-1.112126458759910E-03
-1.025909588303175E-03
-8.867707308435335E-04
-6.976438177281885E-04
-4.640648414402371E-04
-1.943413679490469E-04
1.003012536031633E-04
4.056781122172559E-04
7.049037962358895E-04
9.792404944759525E-04
1.209782879122212E-03
1.379944864250415E-03
1.478216322228221E-03
1.500237402153992E-03
1.449310236631973E-03
1.335137891463778E-03
1.171405640022161E-03
9.732039621924704E-04
7.550741507353909E-04
5.299554361212350E-04
3.089067877765778E-04
1.013097246240768E-04
-8.473023141869485E-05
-2.419862554082775E-04
-3.638419419065286E-04
-4.442216797571064E-04
-4.777501530497386E-04
-4.601341199430564E-04
-3.887149567105563E-04
-2.630917238928276E-04
-8.567865615072279E-05
1.379398825651634E-04
3.989496484138044E-04
6.855613896035173E-04
9.835362967840489E-04
1.276921082228544E-03
1.548967683913993E-03
1.783265936699419E-03
1.965125327606287E-03
2.083149904606341E-03
2.130763079191578E-03
2.107257759737635E-03
2.017937770745881E-03
1.873175701796903E-03
1.686633640635371E-03
1.473211348700154E-03
1.247305063743376E-03
1.021716923193416E-03
8.072472029914124E-04
6.127957003654316E-04
4.457349809827704E-04
3.123476858322149E-04
2.181787646753364E-04
1.682036459733638E-04
1.667474950357573E-04
2.171208154155835E-04
3.209821691063652E-04
4.775140829220703E-04
6.825969434736123E-04
9.282483041950229E-04
1.202597603116473E-03
1.490544373164759E-03
1.775031730128163E-03
2.038665860222721E-03
2.265339997047811E-03
2.441601946759242E-03
2.557656931820418E-03
2.608012082383482E-03
2.591790083370071E-03
2.512693366861996E-03
2.378561040286442E-03
2.200493088619027E-03
1.991626624272769E-03
1.765775888763699E-03
1.536206651721272E-03
1.314765139014185E-03
1.111452873905350E-03
9.344033696301324E-04
7.901303684665351E-04
6.838924632148746E-04
6.200347220506330E-04
6.021964798765822E-04
6.332990997179877E-04
7.152486221126964E-04
8.483220381254597E-04
1.030277693230275E-03
1.255358210727309E-03
1.513518066595054E-03
1.790317991645196E-03
2.067846320530364E-03
2.326681501935823E-03
2.548434922760023E-03
2.718119333724900E-03
2.825697370168356E-03
2.866583893126773E-03
2.841295060184379E-03
2.754623953229896E-03
2.614671173432725E-03
2.431902889695081E-03
2.218276223793225E-03
1.986417235086080E-03
1.748850170953276E-03
1.517317319182254E-03
1.302255421631315E-03
1.112485475321279E-03
9.551319625114019E-04
8.357362082058728E-04
7.584881746218741E-04
7.264813289324934E-04
7.418931874987322E-04
8.060012729451671E-04
9.189561587472639E-04
1.079257055355498E-03
1.282932312051344E-03
1.522546109281819E-03
1.786342874837032E-03
2.058039547263135E-03
2.317809498851631E-03
2.544666106850002E-03
2.719762277973103E-03
2.829493882106959E-03