-6.467321619018108E-01
-6.427590391460168E-01
-6.387162394566192E-01
-6.346038187667984E-01
-6.304218380290884E-01
-6.261703733326136E-01
-6.218495213560427E-01
-6.174593943068050E-01
-6.130001128810751E-01
-6.084718046803522E-01
-6.038746049524502E-01
-5.992086559650235E-01
-5.944741089645621E-01
-5.896711308552292E-01
-5.847999085655546E-01
-5.798606462044914E-01
-5.748535580163761E-01
-5.697788624349576E-01
-5.646367817079725E-01
-5.594275486046361E-01
-5.541514152677625E-01
-5.488086549909253E-01
-5.433995560377232E-01
-5.379244168693517E-01
-5.323835458959991E-01
-5.267772607857710E-01
-5.211058870306617E-01
-5.153697618853672E-01
-5.095692426659746E-01
-5.037047093687217E-01
-4.977765587223268E-01
-4.917851961660955E-01
-4.857310321077988E-01
-4.796144845939856E-01
-4.734359866855451E-01
-4.671959928170555E-01
-4.608949779261100E-01
-4.545334318752698E-01
-4.481118566692310E-01
-4.416307658028265E-01
-4.350906817982194E-01
-4.284921355684075E-01
-4.218356732233350E-01
-4.151218645758319E-01
-4.083513023468939E-01
-4.015245935081539E-01
-3.946423521548246E-01
-3.877051988270197E-01
-3.807137649879482E-01
-3.736686993511387E-01
-3.665706717877852E-01
-3.594203714040707E-01
-3.522185022971391E-01
-3.449657814353837E-01
-3.376629363796826E-01
-3.303107020012401E-01
-3.229098223108098E-01
-3.154610597488272E-01
-3.079652017900099E-01
-3.004230559902439E-01
-2.928354402003368E-01
-2.852031779968884E-01
-2.775271006247912E-01
-2.698080515252581E-01
-2.620468908755855E-01
-2.542444981155079E-01
-2.464017702060168E-01
-2.385196182117122E-01
-2.305989643149724E-01
-2.226407378593933E-01
-2.146458730065186E-01
-2.066153138674549E-01
-1.985500246592578E-01
-1.904509925272198E-01
-1.823192190972103E-01
-1.741557116724666E-01
-1.659614818199522E-01
-1.577375484728236E-01
-1.494849411600407E-01
-1.412047032787553E-01
-1.328978945583073E-01
-1.245655897116222E-01
-1.162088745575875E-01
-1.078288413072315E-01
-9.942658413009386E-02
-9.100319940286905E-02
-8.255979365257993E-02
-7.409749238678209E-02
-6.561743836919121E-02
-5.712078153401112E-02
-4.860867280609771E-02
-4.008226515579683E-02
-3.154271614915860E-02
-2.299118964770219E-02
-1.442885917256831E-02
-5.856911005133192E-03
2.723457632163750E-03
1.131104416702478E-02
1.990464670454539E-02
2.850306713332085E-02
3.710510760430719E-02
4.570956136763105E-02
5.431520711308835E-02
6.292081450341591E-02
7.152515369988066E-02
8.012699841306770E-02
8.872512397410581E-02
9.731830639349148E-02
1.059053211570298E-01
1.144849384821907E-01
1.230559199807271E-01
1.316170223406257E-01
1.401670049559112E-01
1.487046357510167E-01
1.572286914896086E-01
1.657379515706090E-01
1.742311896579540E-01
1.827071718407360E-01
1.911646641567906E-01
1.996024399451954E-01
2.080192805600500E-01
2.164139742219540E-01
2.247853164630094E-01
2.331321077827013E-01
2.414531471264070E-01
2.497472297050702E-01
2.580131535755061E-01
2.662497283664251E-01
2.744557790622082E-01
2.826301430940976E-01
2.907716630737998E-01
2.988791806909550E-01
3.069515379816981E-01
3.149875848347872E-01
3.229861837864636E-01
3.309462099779772E-01
3.388665515872553E-01
3.467461103158413E-01
3.545837965660237E-01
3.623785220088553E-01
3.701292002674794E-01
3.778347563120423E-01
3.854941344090950E-01
3.931062986157396E-01
4.006702275278862E-01
4.081849077304529E-01
4.156493302718687E-01
4.230624934668157E-01
4.304234091057229E-01
4.377311055166562E-01
4.449846282250220E-01
4.521830414944574E-01
4.593254270749050E-01
4.664108766619766E-01
4.734384854213012E-01
4.804073565979188E-01
4.873166123492361E-01
4.941653989890327E-01
5.009528841749056E-01
5.076782510005042E-01
5.143406932410635E-01
5.209394135526697E-01
5.274736262822106E-01
5.339425623148379E-01
5.403454718374938E-01
5.466816262368379E-01
5.529503192415675E-01
5.591508627133326E-01
5.652825775021864E-01
5.713447899375268E-01
5.773368401686305E-01
5.832580922713504E-01
5.891079357318283E-01
5.948857805394354E-01
6.005910522884346E-01
6.062231890970917E-01
6.117816401240734E-01
6.172658677607661E-01
6.226753520869579E-01
6.280095944695070E-01
6.332681200048800E-01
6.384504765693197E-01
6.435562276462701E-01
6.485849436111408E-01
6.535362024313827E-01
6.584096002085431E-01
6.632047585634098E-01
6.679213226504697E-01
6.725589560164398E-01
6.771173374734563E-01
6.815961585257941E-01
6.859951211982320E-01
6.903139401131444E-01
6.945523478537226E-01
6.987100994995927E-01
7.027869740661448E-01
7.067827704944882E-01
7.106972987696309E-01
7.145303737117530E-01
7.182818197174576E-01
7.219514812876398E-01
7.255392267123018E-01
7.290449440731450E-01
7.324685374189031E-01
7.358099248952392E-01
7.390690352603553E-01
7.422458050179603E-01
7.453401817013603E-01
7.483521308539824E-01
7.512816404264502E-01
7.541287196921367E-01
7.568933924607713E-01
7.595756885013785E-01
7.621756409902432E-01
7.646932938715931E-01
7.671287104501054E-01
7.694819737623764E-01
7.717531825092561E-01
7.739424490257418E-01
7.760498972565477E-01
7.780756575824714E-01
7.800198644195913E-01
7.818826620385133E-01
7.836642126871931E-01
7.853646991970971E-01
7.869843207341463E-01
7.885232846989343E-01
7.899818002683290E-01
7.913600793094835E-01
7.926583443883484E-01
7.938768345565403E-01
7.950158038997470E-01
7.960755188052193E-01
7.970562569345629E-01
7.979583035485227E-01
7.987819450868328E-01
7.995274689940022E-01
8.001951724799428E-01
8.007853702323997E-01
8.012983938394136E-01
8.017345850090640E-01
8.020942881043913E-01
8.023778466056815E-01
8.025856061707541E-01
8.027179217171510E-01
8.027751608403317E-01
8.027577022763195E-01
8.026659347053506E-01
8.025002551625908E-01
8.022610630438454E-01
8.019487540007697E-01
8.015637234601325E-01
8.011063774015899E-01
8.005771376798387E-01
7.999764379403951E-01
7.993047159664952E-01
7.985624083390173E-01
7.977499493123501E-01
7.968677743971755E-01
7.959163260201372E-01
7.948960558569294E-01
7.938074242962010E-01
7.926508997574899E-01
7.914269551003494E-01
7.901360599368390E-01
7.887786768767100E-01
7.873552690858112E-01
7.858663110583288E-01
7.843122901523856E-01
7.826936999647165E-01
7.810110337103184E-01
7.792647813358533E-01
7.774554294417602E-01
7.755834643637707E-01
7.736493770233945E-01
7.716536655208373E-01
7.695968354551352E-01
7.674793981531822E-01
7.653018646070526E-01
7.630647378110900E-01
7.607685129181125E-01
7.584136877224390E-01
7.560007712094383E-01
7.535302811366460E-01
7.510027367084042E-01
7.484186542372031E-01
7.457785457847304E-01
7.430829187760866E-01
7.403322786557691E-01
7.375271341528147E-01
7.346680006461557E-01
7.317554001134075E-01
7.287898570537283E-01
7.257718907525557E-01
7.227020096892125E-01
7.195807159226106E-01
7.164085163875877E-01
7.131859277144814E-01
7.099134710182855E-01
7.065916657666791E-01
7.032210276616766E-01
6.998020672758791E-01
6.963352888227377E-01
6.928211934632533E-01
6.892602859082442E-01
6.856530778810326E-01
6.820000861663111E-01
6.783018260661116E-01
6.745588037576393E-01
6.707715142021200E-01
6.669404486663424E-01
6.630661046218886E-01
6.591489866718911E-01
6.551896004976161E-01
6.511884489225326E-01
6.471460307996479E-01
6.430628384112362E-01
6.389393560408116E-01
6.347760653092406E-01
6.305734530192523E-01
6.263320131941363E-01
6.220522422638526E-01
6.177346311624849E-01
6.133796596494592E-01
6.089877978630205E-01
6.045595150370762E-01
6.000952866130354E-01
5.955955924020857E-01
5.910609114527222E-01
5.864917200207653E-01
5.818884898030823E-01
5.772516838962209E-01
5.725817567239662E-01
5.678791621669146E-01
5.631443613511927E-01
5.583778217150264E-01
5.535800095954545E-01
5.487513828100029E-01
5.438923880372081E-01
5.390034648941410E-01
5.340850540006254E-01
5.291376011961536E-01
5.241615547036196E-01
5.191573617050090E-01
5.141254668501436E-01
5.090663087013785E-01
5.039803152985380E-01
4.988679070608483E-01
4.937295072295500E-01
4.885655476275047E-01
4.833764640720851E-01
4.781626877942439E-01
4.729246402053768E-01
4.676627331594660E-01
4.623773738143619E-01
4.570689710945033E-01
4.517379380263420E-01
4.463846893599122E-01
4.410096393290721E-01
4.356131991171457E-01
4.301957715539548E-01
4.247577481006410E-01
4.192995155227945E-01
4.138214669153029E-01
4.083240037306881E-01
4.028075281420640E-01