-9.523587380845593E-01
5.732009053110421E-02
9.689653873607953E-01
1.661220692092890E+00
2.050719543322967E+00
2.092821510208206E+00
1.781002055621054E+00
1.147820039703705E+00
2.673901513849244E-01
-7.437167291901070E-01
-1.732956759101717E+00
-2.531853272596201E+00
-2.990851874858701E+00
-3.019709999223802E+00
-2.615055323230269E+00
-1.860060731900461E+00
-8.970851239040769E-01
1.109760026605962E-01
1.013466250080619E+00
1.690997139888650E+00
2.062331339621111E+00
2.084923893347853E+00
1.754351341891997E+00
1.105375524449520E+00
2.144466191729854E-01
-7.996466531159708E-01
-1.782840023408427E+00
-2.566683120022967E+00
-3.003847880984994E+00
-3.008312165902777E+00
-2.581709680108064E+00
-1.811323196842618E+00
-8.416470016791049E-01
1.643403802356600E-01
1.057319116540243E+00
1.719880619508440E+00
2.072921051584056E+00
2.075988939970743E+00
1.726765826860276E+00
1.062229448572425E+00
1.611599031773372E-01
-8.554524983817298E-01
-1.832090503961783E+00
-2.600437126904650E+00
-3.015508243737999E+00
-2.995588706772160E+00
-2.547299501790425E+00
-1.761957189558332E+00
-7.860709069572263E-01
2.173952999115891E-01
1.100508602860223E+00
1.747867360051490E+00
2.082492816799876E+00
2.066031572148075E+00
1.698267692007416E+00
1.018404105093953E+00
1.075559233019266E-01
-9.111090071208690E-01
-1.880677551893039E+00
-2.633085854247631E+00
-3.025813568939362E+00
-2.981530754766493E+00
-2.511838148024174E+00
-1.711986071996599E+00
-7.303840673912463E-01
2.701155120132182E-01
1.143019146293800E+00
1.774942185097139E+00
2.091038534884503E+00
2.055045568533156E+00
1.668860846387490E+00
9.739140371539290E-01
5.365633048556895E-02
-9.665886070916766E-01
-1.928584320715768E+00
-2.664619895370046E+00
-3.034769074263467E+00
-2.966155195801058E+00
-2.475345633829407E+00
-1.661434777396422E+00
-6.746088616658499E-01
3.224812293476707E-01
1.184834675449032E+00
1.801098562980876E+00
2.098556226552405E+00
2.043037454972042E+00
1.638552614606650E+00
9.287715006048048E-01
-5.202746574374251E-04
-1.021868250745637E+00
-1.975780613066430E+00
-2.695021953324975E+00
-3.042370700054452E+00
-2.949479604659158E+00
-2.437854417574321E+00
-1.610338068930465E+00
-6.187823418717344E-01
3.744634044246433E-01
1.225929601615986E+00
1.826317109211256E+00
2.105034189540466E+00
2.030003705666803E+00
1.607353936352767E+00
8.829956330149755E-01
-5.494667673444309E-02
-1.076919904026104E+00
-2.022243689178611E+00
-2.724272911772559E+00
-3.048614386371206E+00
-2.931508843905222E+00
-2.399382382404331E+00
-1.558721755002636E+00
-5.629235923986078E-01
4.260459747718706E-01
1.266300860768444E+00
1.850597126631752E+00
2.110476638447163E+00
2.015949836856992E+00
1.575270439019206E+00
8.366004542631997E-01
-1.096041014716713E-01
-1.131712920303531E+00
-2.067945665592585E+00
-2.752353668246099E+00
-3.053493215552520E+00
-2.912253427200983E+00
-2.359945868661600E+00
-1.506605786449751E+00
-5.070545327382323E-01
4.772119187531001E-01
1.305931923822486E+00
1.873934633627564E+00
2.114887817973024E+00
2.000892278236324E+00
1.542327501121401E+00
7.896151532576504E-01
-1.644551511703836E-01
-1.186214417667384E+00
-2.112850573262973E+00
-2.779240383273378E+00
-3.056998621435682E+00
-2.891722064155349E+00
-2.319572089305018E+00
-1.454020052435732E+00
-4.512035990925904E-01
5.279405416330600E-01
1.344810095388849E+00
1.896318702756615E+00
2.118261252463560E+00
1.984826079449119E+00
1.508527677313295E+00
7.420507576244353E-01
-2.194841021564538E-01
-1.240402503344174E+00
-2.156943893792984E+00
-2.804921553089494E+00
-3.059130781340690E+00
-2.869924990168668E+00
-2.278275718249069E+00
-1.400990114506329E+00
-3.953930533235541E-01
5.782088607322100E-01
1.382920354701222E+00
1.917742521665702E+00
2.120597020025838E+00
1.967760436446219E+00
1.473882842576573E+00
6.939272650517290E-01
-2.746660685740541E-01
-1.294248011691956E+00
-2.200199047397970E+00
-2.829389211851664E+00
-3.059899764462566E+00
-2.846891756966411E+00
-2.236096973910876E+00
-1.347550642781605E+00
-3.396574925925404E-01
6.279920705015765E-01
1.420238647604219E+00
1.938188993295291E+00
2.121885481171634E+00
1.949692701291539E+00
1.438403372318337E+00
6.452588109380786E-01
-3.299771807575169E-01
-1.347730045978020E+00
-2.242594388170687E+00
-2.852622796717217E+00
-3.059295762521886E+00
-2.822622215872561E+00
-2.193050710265685E+00
-1.293723716169138E+00
-2.840155299246137E-01
6.772761827410336E-01
1.456762934137092E+00
1.957659935694691E+00
2.122132592116896E+00
1.930631388053022E+00
1.402100872684379E+00
5.960687124886274E-01
-3.853905150659862E-01
-1.400813065350838E+00
-2.284103257978299E+00
-2.874610404988626E+00
-3.057323779541218E+00
-2.797137998651539E+00
-2.149157407177912E+00
-1.239532359596542E+00
-2.284863546076650E-01
7.260441332040104E-01
1.492479768785094E+00
1.976152396237144E+00
2.121343164849963E+00
1.910592485609071E+00
1.364997350963118E+00
5.463840341833150E-01
-4.408727165841857E-01
-1.453462867428197E+00
-2.324688808237125E+00
-2.895325951215425E+00
-3.053974735692733E+00
-2.770448106637311E+00
-2.104448211583806E+00
-1.185007634644595E+00
-1.731000101347504E-01
7.742774427351153E-01
1.527378276237142E+00
1.993657934024845E+00
2.119514596590741E+00
1.889574531238049E+00
1.327101980966045E+00
4.962183100440445E-01
-4.964045896547806E-01
-1.505661482014074E+00
-2.364342395443630E+00
-2.914766004323487E+00
-3.049256473337874E+00
-2.742566680417784E+00
-2.058938560342709E+00
-1.130172098731294E+00
-1.178765658032224E-01
8.219541816719218E-01
1.561443714803771E+00
2.010170194990760E+00
2.116646084710998E+00
1.867585772262427E+00
1.288424166921802E+00
4.455920681753750E-01
-5.519624495036479E-01
-1.557379890149078E+00
-2.403038484583553E+00
-2.932925121647190E+00
-3.043180491127205E+00
-2.713526888217207E+00
-2.012666857448098E+00
-1.075062059879867E+00
-6.284878023736651E-02
8.690509665558874E-01
1.594655233360760E+00
2.025675844130856E+00
2.112731480137715E+00
1.844630006136483E+00
1.248980237343007E+00
3.945250718498168E-01
-6.075200956954749E-01
-1.608594958311184E+00
-2.440755276762018E+00
-2.949785527838974E+00
-3.035742409188112E+00
-2.683331139500214E+00
-1.965651449325375E+00
-1.019698697659380E+00
-8.035201343009835E-03
9.155551946064451E-01
1.627011407105175E+00
2.040175162749194E+00
2.107776582313465E+00
1.820713332326182E+00
1.208782984921988E+00
3.430403668976632E-01
-6.630470702638018E-01
-1.659270019441601E+00
-2.477468336877660E+00
-2.965339357212396E+00
-3.026952849064570E+00
-2.652005898360199E+00
-1.917916661243145E+00
-9.641060407983566E-01
4.654604922817018E-02
9.614537849174176E-01
1.658503212967220E+00
2.053671075804433E+00
2.101790259891117E+00
1.795856044203213E+00
1.167855151041864E+00
2.911652993351106E-01
-7.185121777463177E-01
-1.709374290866154E+00
-2.513142847247551E+00
-2.979564642222807E+00
-3.016803834735377E+00
-2.619562310150299E+00
-1.869490317967316E+00
-9.083138209204586E-01
1.008658783936534E-01
1.006727350429491E+00
1.689117629703012E+00
2.066153380666973E+00
2.094767996103794E+00
1.770057206038771E+00
1.126207952431762E+00
2.389161038832541E-01
-7.738958357329184E-01
-1.758891256921510E+00
-2.547775545832990E+00
-2.992464191477950E+00
-3.005311532748492E+00
-2.586017218125416E+00
-1.820391644431397E+00
-8.523439040726308E-01
1.549072160323459E-01
1.051358007758986E+00
1.718845578989942E+00
2.077618277394185E+00
2.086714360140708E+00
1.743327672570167E+00
1.083854425243970E+00
1.863148695358023E-01
-8.291710489333457E-01
-1.807787056161515E+00
-2.581339694874865E+00
-3.004031119978205E+00
-2.992487169488592E+00
-2.551404329562112E+00
-1.770660486616689E+00
-7.962351554209772E-01
2.086342565966568E-01
1.095320163622917E+00
1.747663605744972E+00
2.088053210116905E+00
2.077623261066464E+00
1.715673889518264E+00
1.040812283172321E+00
1.333841338846267E-01
-8.843096431609581E-01
-1.856042631429194E+00
-2.613818397140417E+00
-3.014258395563415E+00
-2.978335069332538E+00
-2.515734809136231E+00
-1.720316719089122E+00
-7.400049980487884E-01
2.620359030312016E-01
1.138609535612319E+00
1.775576167807306E+00
2.097462566347665E+00
2.067502551762212E+00
1.687102874347024E+00
9.970943190467356E-01
8.014681601548812E-02
-9.392825817850601E-01
-1.903620317437315E+00
-2.645187044415409E+00
-3.023134741189346E+00
-2.962863784206585E+00
-2.479030926015208E+00