8.896594867343843E-02
8.524558801543947E-02
7.668059240516989E-02
6.331452396555548E-02
4.557513627201715E-02
2.437427678361637E-02
1.127683839914795E-03
-2.236460325437584E-02
-4.418300240041262E-02
-6.261936919963951E-02
-7.644550757573221E-02
-8.502526351322182E-02
-8.826622501346471E-02
-8.647738322872556E-02
-8.021081039275835E-02
-7.013649785431220E-02
-5.696499679937439E-02
-4.141114673972268E-02
-2.418470981492682E-02
-5.994180749365086E-03
1.244667756595064E-02
3.041637591630852E-02
4.719081361547950E-02
6.205660314983596E-02
7.433102335546238E-02
8.338586358967781E-02
8.867274004180281E-02
8.974929396472042E-02
8.630842721540688E-02
7.821514549405251E-02
6.555585859509350E-02
4.870093339765091E-02
2.837098671385085E-02
5.681345724893205E-03
-1.787586880950620E-02
-4.055123688640450E-02
-6.056530473461041E-02
-7.639085001290180E-02
-8.699144450027152E-02
-9.192876497620084E-02
-9.131780576868032E-02
-8.567953719544708E-02
-7.576713110394184E-02
-6.242313126780719E-02
-4.649008557055456E-02
-2.877080112475738E-02
-1.002302904841290E-02
9.027607337871224E-03
2.766946639862855E-02
4.519090210709553E-02
6.087679139100288E-02
7.401927953972542E-02
8.394364567367152E-02
9.004711629014217E-02
9.184568333480581E-02
8.902253973539942E-02
8.147237921462569E-02
6.933818104263079E-02
5.303953543284479E-02
3.329170378218649E-02
1.111079145152960E-02
-1.220671046126309E-02
-3.514793481951273E-02
-5.610676253426572E-02
-7.356390673861535E-02
-8.629112429997177E-02
-9.352050301551840E-02
-9.502134766382975E-02
-9.106296871613928E-02
-8.228965494897311E-02
-6.956260093499034E-02
-5.381994654849276E-02
-3.598246049024634E-02
-1.690811322772245E-02
2.615492367945671E-03
2.185603737457575E-02
4.011256125092277E-02
5.669364149855460E-02
7.090623935132639E-02
8.206195388379289E-02
8.950521532767981E-02
9.266417628194784E-02
9.111928800893207E-02
8.467792802311074E-02
7.343878560670600E-02
5.783004053237628E-02
3.861146011437161E-02
1.683953178996578E-02
-6.198255148731957E-03
-2.907208801474548E-02
-5.031593054041683E-02
-6.854733491559251E-02
-8.259398636142379E-02
-9.161126404509012E-02
-9.516655403578689E-02
-9.326640324513535E-02
-8.631637890366139E-02
-7.502534728226884E-02
-6.028341710905938E-02
-4.304651836250084E-02
-2.425094680964301E-02
-4.766184869939405E-03
1.461805141866312E-02
3.318095362344131E-02
5.024773346234834E-02
6.516549585221476E-02
7.728741701139707E-02
8.597402728323278E-02
9.061948870220160E-02
9.070790148937391E-02
8.589779983993662E-02
7.612153643821173E-02
6.167348131002548E-02
4.325452579947076E-02
2.194807852313119E-02
-8.752871243000726E-04
-2.370212153337992E-02
-4.503321076994382E-02
-6.352153796354454E-02
-7.807453730141223E-02
-8.791884022926943E-02
-9.263241864714988E-02
-9.214822313414039E-02
-8.673037596674327E-02
-7.692372353837396E-02
-6.348154136354012E-02
-4.728198560271846E-02
-2.924746346263873E-02
-1.027994148305744E-02
8.780088778348016E-03
2.716998605188259E-02
4.420113591778474E-02
5.924246155822033E-02
7.169991857894153E-02
8.100091319814595E-02
8.659291413319892E-02
8.796581388972413E-02
8.470633888466139E-02
7.658712212146668E-02
6.368003758744400E-02
4.646387480367586E-02
2.587957412738362E-02
3.288575915536995E-03
-1.967795771690817E-02
-4.134177091676428E-02
-6.020114780437780E-02
-7.509140271288395E-02
-8.525618639175292E-02
-9.034274717255997E-02
-9.035271033273773E-02
-8.557714321675114E-02
-7.653224615895482E-02
-6.390058604491955E-02
-4.847694447773243E-02
-3.111728977805051E-02
-1.269161658150253E-02
5.956254823438201E-03
2.403810866039890E-02
4.083747628823353E-02
5.571257215291858E-02
6.808893624972967E-02
7.744703180800450E-02
8.331176232884019E-02
8.525221844710451E-02
8.290099082425328E-02
7.600219894908022E-02
6.449352957211651E-02
4.861633131399756E-02
2.902709501439560E-02
6.859460275132179E-03
-1.632259247150536E-02
-3.870935353142002E-02
-5.852909395389894E-02
-7.433116326216904E-02
-8.516724004949516E-02
-9.062987942537148E-02
-9.077802308393679E-02
-8.601188021572526E-02
-7.695034756858199E-02
-6.433723182403561E-02
-4.897963702755526E-02
-3.171030051384882E-02
-1.336331952288461E-02
5.244750284244759E-03
2.333238802520654E-02
4.016956499455659E-02
5.509142193406369E-02
6.750710334515375E-02
7.690293195513931E-02
8.284131373485870E-02
8.495925534104209E-02
8.297263381043862E-02
7.669398092340529E-02
6.607183399960448E-02
5.125702582202152E-02
3.269276574725666E-02
1.120827943316804E-02
-1.192762749837861E-02
-3.505220102948847E-02
-5.629487767514618E-02
-7.388068176419438E-02
-8.644839494022882E-02
-9.325549875035577E-02
-9.420274410732077E-02
-8.970857507039121E-02
-8.052035631593846E-02
-6.754140773514017E-02
-5.171198083574424E-02
-3.394597642159702E-02
-1.510756295479077E-02
3.990916570227654E-03
2.258426759940768E-02
3.995188890763757E-02
5.542126301647521E-02
6.837767435021824E-02
7.827796547845622E-02
8.466527856483630E-02
8.718242357107542E-02
8.558350910250212E-02
7.974612524457836E-02
6.968876127749901E-02
5.559918622364890E-02
3.787788565295536E-02
1.719463258895981E-02
-5.455658413157316E-03
-2.872843532815583E-02
-5.098053297190663E-02
-7.043378105872833E-02
-8.544456108473852E-02
-9.480372547286287E-02
-9.794809857055053E-02
-9.499698439832649E-02
-8.661918957632686E-02
-7.381405403093932E-02
-5.770185022971663E-02
-3.937898567606002E-02
-1.984644404881575E-02
7.066891448026524E-06
1.939195036855956E-02
3.759462426868776E-02
5.395752959666478E-02
6.786935996846388E-02
7.876831847703869E-02
8.615795632340895E-02
8.963256484622084E-02
8.890733842058784E-02
8.384811970770389E-02
7.449682770623278E-02
6.109128509200001E-02
4.408084872449924E-02
2.414020792828353E-02
2.181288474997434E-03
-2.064333675675445E-02
-4.296150201238969E-02
-6.325040129129977E-02
-7.997358183041725E-02
-9.178313887855216E-02
-9.774386207334729E-02
-9.750189982564939E-02
-9.132637329615645E-02
-8.000685218230374E-02
-6.465669973804100E-02
-4.650354215891184E-02
-2.673035526387524E-02
-6.389847482390021E-03
1.361816991608303E-02
3.253029969478583E-02
4.968691959815480E-02
6.449987573668753E-02
7.643066153513989E-02
8.498474460292271E-02
8.972452069956893E-02
9.030033982071184E-02
8.649541829506280E-02
7.827648891503003E-02
6.583912572145190E-02
4.963660933520941E-02
3.038479807345995E-02
9.041424128824360E-03
-1.323660727240039E-02
-3.515296451742378E-02
-5.534665294410912E-02
-7.248410112713888E-02
-8.537150768229074E-02
-9.308289985779084E-02
-9.508412272463795E-02
-9.131823633075786E-02
-8.221702745505066E-02
-6.862441648314022E-02
-5.165179554356047E-02
-3.251119920738432E-02
-1.237372557951666E-02
7.719146343152516E-03
2.688872246318041E-02
4.441085954309898E-02
5.968562263085175E-02
7.220172877024389E-02
8.150790258300411E-02
8.719919286858957E-02
8.892352397502545E-02
8.641130824670018E-02
7.952724533987166E-02
6.833731319095726E-02
5.317592808346561E-02
3.469153346023113E-02
1.384866653633310E-02
-8.125537941271688E-03
-2.984486415498733E-02
-4.989566414696167E-02
-6.696887823408559E-02
-7.997121464324408E-02
-8.810669013599259E-02
-9.092904378932154E-02
-8.836725659562283E-02
-8.072265910977805E-02
-6.863292286521450E-02
-5.300086254785796E-02
-3.489494033953555E-02
-1.543868556370676E-02
4.288963679041302E-03
2.332449638695522E-02
4.085440916703753E-02
5.621711140622310E-02
6.888274805464434E-02
7.842355471952800E-02
8.448607748786685E-02
8.677426935475729E-02
8.505047322980275E-02
7.915958275808066E-02
6.907892537178384E-02
5.499057680018993E-02
3.736241816027075E-02
1.701093550836141E-02
-4.890186072747937E-03
-2.688495275621605E-02
-4.739459548827973E-02
-6.492428434166442E-02
-7.825567018183754E-02
-8.657277736887714E-02
-8.950285217275500E-02
-8.708784729207864E-02
-7.971741910214014E-02
-6.805013345350019E-02
-5.293689831144199E-02
-3.534986399022344E-02
-1.631559192822252E-02
3.147615508710899E-03
2.208502414895541E-02
3.964805074016020E-02
5.511949646446368E-02
6.792012477803588E-02
7.759945211667585E-02
8.381690448596757E-02
8.632109316705616E-02
8.493512864885844E-02
7.955531233817936E-02
7.016957519348210E-02
5.690009947837282E-02
4.006993322121133E-02
2.028373799125305E-02
-1.502652905744029E-03
-2.396533899735154E-02
-4.549233275944076E-02
-6.437732556902631E-02
-7.908792037302348E-02
-8.851792752802545E-02
-8.997449697497295E-02