1.781303138592156E+08
1.792150768229272E+08
1.802994192274463E+08
1.813832237547486E+08
1.824667282242408E+08
1.835498027252626E+08
1.846325410095546E+08
1.857149343138150E+08
1.867969408654624E+08
1.878785245565789E+08
1.889595776165902E+08
1.900403349206238E+08
1.911206639361828E+08
1.922006752283306E+08
1.932803172133487E+08
1.943595911899356E+08
1.954384100052990E+08
1.965166677150369E+08
1.975945736075527E+08
1.986720015275404E+08
1.997490762890451E+08
2.008257213231209E+08
2.019019969549088E+08
2.029777864343487E+08
2.040530125335874E+08
2.051278644371746E+08
2.062022447304289E+08
2.072762875086836E+08
2.083498951716918E+08
2.094231712569353E+08
2.104959566728235E+08
2.115681871839469E+08
2.126400011216225E+08
2.137113205057416E+08
2.147822647818829E+08
2.158527167390723E+08
2.169228154377736E+08
2.179923740426105E+08
2.190613580553275E+08
2.201298669480240E+08
2.211978707779792E+08
2.222654846979748E+08
2.233325974060120E+08
2.243993827902701E+08
2.254656372252359E+08
2.265313497708047E+08
2.275965642570444E+08
2.286612861958117E+08
2.297255977149197E+08
2.307893828124885E+08
2.318528207288066E+08
2.329156895065235E+08
2.339779937825751E+08
2.350397236237142E+08
2.361009327119839E+08
2.371616802766790E+08
2.382218751628118E+08
2.392817104104457E+08
2.403409763370136E+08
2.413997020953469E+08
2.424578335439777E+08
2.435154714346147E+08
2.445726402748086E+08
2.456292674930032E+08
2.466855287382921E+08
2.477412180020860E+08
2.487963623365749E+08
2.498508523463872E+08
2.509048216765820E+08
2.519582561982665E+08
2.530111135610006E+08
2.540635533581196E+08
2.551154030135358E+08
2.561667004696040E+08
2.572173093684089E+08
2.582674068350106E+08
2.593169536317618E+08
2.603659465389228E+08
2.614145170238420E+08
2.624625265983954E+08
2.635100001260656E+08
2.645567641577094E+08
2.656030088595431E+08
2.666486549028033E+08
2.676937248854787E+08
2.687383072633687E+08
2.697823062226370E+08
2.708257337561651E+08
2.718684048148910E+08
2.729105302634842E+08
2.739520180690010E+08
2.749929349887401E+08
2.760333383765763E+08
2.770731912723635E+08
2.781124890809441E+08
2.791510416059866E+08
2.801890557599637E+08
2.812264177023506E+08
2.822632137357920E+08
2.832994483197008E+08
2.843351284199036E+08
2.853702155240358E+08
2.864045199756579E+08
2.874382342438833E+08
2.884712423138815E+08
2.895036597402598E+08
2.905354600046102E+08
2.915667146820962E+08
2.925973678108814E+08
2.936272547758016E+08
2.946565491082925E+08
2.956851431211588E+08
2.967131661016276E+08
2.977405513461059E+08
2.987674127462088E+08
2.997936560390220E+08
3.008191298954508E+08
3.018439613618035E+08
3.028680504374337E+08
3.038915277150066E+08
3.049142984244245E+08
3.059365242049181E+08
3.069580926860479E+08
3.079788924465528E+08
3.089990157898977E+08
3.100183972098183E+08
3.110371713833729E+08
3.120552301075547E+08
3.130727712676607E+08
3.140896599551221E+08
3.151058124411746E+08
3.161212604150831E+08
3.171359591378466E+08
3.181500186385714E+08
3.191633125954300E+08
3.201760553358379E+08
3.211880960929902E+08
3.221993867753729E+08
3.232099094948148E+08
3.242196640515440E+08
3.252287482986528E+08
3.262370483918279E+08
3.272447987430660E+08
3.282518523147884E+08
3.292581979101390E+08
3.302637638299208E+08
3.312685849579248E+08
3.322727230652604E+08
3.332760665375027E+08
3.342788358558965E+08
3.352808795985669E+08
3.362822060572441E+08
3.372826873420267E+08
3.382823945355669E+08
3.392813583077903E+08
3.402794939690069E+08
3.412770149730225E+08
3.422737969702784E+08
3.432698806414834E+08
3.442651034001727E+08
3.452595771381289E+08
3.462533002788505E+08
3.472462152930449E+08
3.482385033316723E+08
3.492300586972330E+08
3.502209260413896E+08
3.512108971708091E+08
3.522001014104784E+08
3.531884946104364E+08
3.541760474947188E+08
3.551629035802835E+08
3.561489963701504E+08
3.571343834993305E+08
3.581188429311005E+08
3.591025332722232E+08
3.600853893208551E+08
3.610674250533295E+08
3.620487453088123E+08
3.630293281604874E+08
3.640092269409788E+08
3.649882030010309E+08
3.659664140942519E+08
3.669437587924404E+08
3.679202740686986E+08
3.688960067410420E+08
3.698709751270368E+08
3.708452196500901E+08
3.718185047160242E+08
3.727909892383236E+08
3.737625619290906E+08
3.747333001093403E+08
3.757032119303403E+08
3.766723743307669E+08
3.776408197945234E+08
3.786083320040455E+08
3.795750551363100E+08
3.805408659611992E+08
3.815058593722413E+08
3.824699870378922E+08
3.834333622476467E+08
3.843959869323921E+08
3.853576618048209E+08
3.863184985492294E+08
3.872783731444200E+08
3.882373992411417E+08
3.891954928849079E+08
3.901528187599272E+08
3.911093673861337E+08
3.920649851596000E+08
3.930197566373882E+08
3.939735755481860E+08
3.949265664901508E+08
3.958786115780453E+08
3.968299062479650E+08
3.977804119617974E+08
3.987300068137895E+08
3.996787202389632E+08
4.006264554110991E+08
4.015733266039493E+08
4.025191878572737E+08
4.034642592941164E+08
4.044084875283434E+08
4.053518031862659E+08
4.062941960114504E+08
4.072356067330392E+08
4.081761480875692E+08
4.091156706636804E+08
4.100544140782976E+08
4.109923141494095E+08
4.119293462270566E+08
4.128654436445103E+08
4.138005705747510E+08
4.147348085515786E+08
4.156679966948250E+08
4.166003656365104E+08
4.175318379740861E+08
4.184624298793593E+08
4.193920260172907E+08
4.203206299012264E+08
4.212483030823709E+08
4.221749052257811E+08
4.231006651664014E+08
4.240255174291606E+08
4.249495255185916E+08
4.258725344662461E+08
4.267945834553095E+08
4.277156982647274E+08
4.286357525642392E+08
4.295549407641443E+08
4.304731970751506E+08
4.313906063888556E+08
4.323069679743530E+08
4.332223466841466E+08
4.341367308134325E+08
4.350500246880571E+08
4.359623922299940E+08
4.368737951603832E+08
4.377843518788019E+08
4.386938457276047E+08
4.396023771320930E+08
4.405099063645480E+08
4.414163759313803E+08
4.423219044823248E+08
4.432264759494192E+08
4.441302144516772E+08
4.450328788431869E+08
4.459345767852004E+08
4.468352258855230E+08
4.477347977264962E+08
4.486333548142868E+08
4.495309124835579E+08
4.504276013377906E+08
4.513231855499597E+08
4.522177906588961E+08
4.531113177331766E+08
4.540037859635507E+08
4.548952124745414E+08
4.557856547789451E+08
4.566752399564262E+08
4.575637427061022E+08
4.584512813302351E+08
4.593377285890387E+08
4.602231273567356E+08
4.611074298539693E+08
4.619907209595410E+08
4.628731062603206E+08
4.637543814096174E+08
4.646346524132404E+08
4.655137853714607E+08
4.663918593514718E+08
4.672687860332927E+08
4.681446964704757E+08
4.690196857994091E+08
4.698935936592214E+08
4.707665083767006E+08
4.716382960135057E+08
4.725090538109937E+08
4.733786433847244E+08
4.742472176119675E+08
4.751148362387593E+08
4.759813728553436E+08
4.768468750454045E+08
4.777112110074956E+08
4.785744872287003E+08
4.794365326152056E+08
4.802975295334447E+08
4.811575200079438E+08
4.820164387051528E+08
4.828743055291243E+08
4.837310157087205E+08
4.845866847647592E+08
4.854411225270506E+08
4.862945263377329E+08
4.871469091410204E+08
4.879982519794395E+08
4.888485224278514E+08
4.896976298377117E+08
4.905456710225802E+08
4.913924367770201E+08
4.922381234199054E+08
4.930827209573222E+08
4.939262668002325E+08
4.947686914229372E+08
4.956099440507262E+08
4.964501144631372E+08
4.972890060525540E+08
4.981268166053770E+08
4.989635261020740E+08
4.997992247177451E+08
5.006338002083519E+08
5.014672307841650E+08
5.022995725712301E+08
5.031306328859369E+08
5.039605791586872E+08
5.047893718913282E+08
5.056171372637732E+08
5.064437226504153E+08
5.072691410469233E+08
5.080934216300955E+08
5.089164043460343E+08
5.097382357983713E+08
5.105588852579448E+08
5.113785236308039E+08
5.121969780870492E+08
5.130142995853895E+08
5.138304846437606E+08
5.146454048165444E+08
5.154591603746401E+08
5.162717174492413E+08
5.170832600389560E+08
5.178935860814238E+08
5.187027651252273E+08
5.195107524941995E+08
5.203174573090805E+08
5.211229336496745E+08
5.219271660882368E+08
5.227303589638452E+08
5.235323137155974E+08
5.243331314944089E+08
5.251327448500482E+08
5.259311139272178E+08
5.267282448429193E+08
5.275241418704575E+08
5.283190058200750E+08
5.291126368508581E+08
5.299051386136684E+08
5.301030552345396E+08