-1.472344969594165E+08
-1.468279160935013E+08
-1.463712639612393E+08
-1.458601177351859E+08
-1.452903311581537E+08
-1.446584570478917E+08
-1.439622273707568E+08
-1.432009806005601E+08
-1.423758931518243E+08
-1.414899103897197E+08
-1.405473809692135E+08
-1.395535116621321E+08
-1.385138049863817E+08
-1.374336040586073E+08
-1.363177929607336E+08
-1.351706379429834E+08
-1.339957258174385E+08
-1.327959545614867E+08
-1.315735429557843E+08
-1.303300403423567E+08
-1.290663294544393E+08
-1.277826235263137E+08
-1.264784637109197E+08
-1.251527246664830E+08
-1.238036355612145E+08
-1.224288215123085E+08
-1.210253678613759E+08
-1.195899081613727E+08
-1.181187375112484E+08
-1.166079562359174E+08
-1.150536537192592E+08
-1.134521453825332E+08
-1.118002722329621E+08
-1.100957560304429E+08
-1.083375710351592E+08
-1.065262532225210E+08
-1.046640433477476E+08
-1.027547813579395E+08
-1.008035448245556E+08
-9.881611819496095E+07
-9.679843414431618E+07
-9.475611256561637E+07
-9.269415862758765E+07
-9.061681510066174E+07
-8.852752600351647E+07
-8.642896087980118E+07
-8.432305915799154E+07
-8.221106954058382E+07
-8.009357341027479E+07
-7.797049185647377E+07
-7.584108334726694E+07
-7.370394385035306E+07
-7.155702345263800E+07
-6.939767299852440E+07
-6.722273091754358E+07
-6.502865498521388E+07
-6.281169790667056E+07
-6.056812123871526E+07
-5.829444023414766E+07
-5.598769168583796E+07
-5.364571472106081E+07
-5.126742706170227E+07
-4.885306501005850E+07
-4.640433848796462E+07
-4.392444433584458E+07
-4.141789624540342E+07
-3.889017359221034E+07
-3.634724896670676E+07
-3.379509423399846E+07
-3.123926345815989E+07
-2.868461136987026E+07
-2.613515427671343E+07
-2.359404235266780E+07
-2.106359785685714E+07
-1.854537795258129E+07
-1.604023346624598E+07
-1.354834866260297E+07
-1.106925870741021E+07
-8.601850605946416E+06
-6.144360638269166E+06
-3.694386800821886E+06
-1.248937587786375E+06
1.195463165692177E+06
3.642603228096272E+06
6.096341743844926E+06
8.560318432158738E+06
1.103764146783768E+07
1.353058867059135E+07
1.604035415462432E+07
1.856686583227698E+07
2.110869285857020E+07
2.366305817132382E+07
2.622596698147815E+07
2.879245197528233E+07
3.135691705010036E+07
3.391353769091118E+07
3.645665861783872E+07
3.898112913103087E+07
4.148253593650816E+07
4.395732332041070E+07
4.640281785645252E+07
4.881719013398544E+07
5.119938804330097E+07
5.354906926671044E+07
5.586655014128812E+07
5.815277747295602E+07
6.040932035901693E+07
6.263837039672527E+07
6.484273054114251E+07
6.702576622195318E+07
6.919128996906550E+07
7.134335707253778E+07
7.348596807002221E+07
7.562270229205169E+07
7.775633557151499E+07
7.988851017909980E+07
8.201951662241815E+07
8.414821873486488E+07
8.627212013298497E+07
8.838754637806162E+07
9.048990839723554E+07
9.257401445763840E+07
9.463440238192794E+07
9.666566585324003E+07
9.866274889990927E+07
1.006211846168389E+08
1.025372610972664E+08
1.044081093863513E+08
1.062317216174840E+08
1.080069178821683E+08
1.097332849657332E+08
1.114111087144795E+08
1.130413162583139E+08
1.146254367181915E+08
1.161655807137106E+08
1.176644302635891E+08
1.191252213935793E+08
1.205516924720139E+08
1.219479646589990E+08
1.233183226599666E+08
1.246668817114851E+08
1.259971638043142E+08
1.273116532416680E+08
1.286114341639082E+08
1.298960046187204E+08
1.311633096533585E+08
1.324099674474040E+08
1.336316153061302E+08
1.348232942366194E+08
1.359798122853890E+08
1.370960565138336E+08
1.381672457633768E+08
1.391891268066117E+08
1.401581183094263E+08
1.410714056267482E+08
1.419269888954214E+08
1.427236887210088E+08
1.434611173020226E+08
1.441396262860179E+08
1.447602442979002E+08
1.453246160782375E+08
1.458349515854064E+08
1.462939877563720E+08
1.467049583083116E+08
1.470715581864294E+08
1.473978794825168E+08
1.476882868508612E+08
1.479471978073257E+08
1.481787456620826E+08
1.483863387220893E+08
1.485721860964236E+08
1.487369125620018E+08
1.488793910032975E+08
1.489968580606145E+08
1.490852755968489E+08
1.491398214801513E+08
1.491553803358794E+08
1.491269475452076E+08
1.490499172891855E+08
1.489202663826817E+08
1.487346620364913E+08
1.484905205848801E+08
1.481860356367172E+08
1.478201850972888E+08
1.473927204211728E+08
1.469041390545038E+08
1.463556415564098E+08
1.457490768539881E+08
1.450868808297886E+08
1.443720136391568E+08
1.436078990656590E+08
1.427983646692235E+08
1.419475746940297E+08
1.410599393498012E+08
1.401399758397018E+08
1.391920922835259E+08
1.382202727018297E+08
1.372276685453232E+08
1.362161530198857E+08
1.351859524761794E+08
1.341354938109529E+08
1.330615583087890E+08
1.319597190048712E+08
1.308249293465531E+08
1.296520969316306E+08
1.284365249173486E+08
1.271741847113279E+08
1.258618450025976E+08
1.244971064718627E+08
1.230783882188081E+08
1.216048970975704E+08
1.200765956549125E+08
1.184941727667036E+08
1.168590141995279E+08
1.151731675845421E+08
1.134392966569959E+08
1.116606218519919E+08
1.098408470270941E+08
1.079840737526371E+08
1.060947041318687E+08
1.041773300093374E+08
1.022366011318988E+08
1.002770589161607E+08
9.830291905510361E+07
9.631779032043642E+07
9.432433491863739E+07
9.232391121952435E+07
9.031628482885772E+07
8.829952230748156E+07
8.627015742846887E+07
8.422363147871895E+07
8.215489953592031E+07
8.005903634901330E+07
7.793170363572769E+07
7.576942299935435E+07
7.356967573761056E+07
7.133088860474825E+07
6.905236560083573E+07
6.673420856913965E+07
6.437724925526258E+07
6.198299959659479E+07
5.955361662739534E+07
5.709187257755424E+07
5.460111845587250E+07
5.208522998983949E+07
4.954852771438485E+07
4.699566738652170E+07
4.443150134126630E+07
4.186091429230353E+07
3.928863739285108E+07
3.671904246461701E+07
3.415591630748258E+07
3.160221656131345E+07
2.905981973979758E+07
2.652929080945133E+07
2.400972806171949E+07
2.149875345304072E+07
1.899270678090489E+07
1.648705013196281E+07
1.397691313435576E+07
1.145765326229042E+07
8.925306596331742E+06
6.376860028081877E+06
3.810346689404446E+06
1.224813953824052E+06
-1.379774044489895E+06
-4.002649109837399E+06
-6.642336724209670E+06
-9.296726949051188E+06
-1.196311980119202E+07
-1.463825495189404E+07
-1.731834078697940E+07
-1.999910034395394E+07
-2.267585109151584E+07
-2.534363120884244E+07
-2.799737684184251E+07
-3.063214420324284E+07
-3.324336038939641E+07
-3.582708073155279E+07
-3.838022988031901E+07
-4.090080702126579E+07
-4.338803872243161E+07
-4.584246243867541E+07
-4.826591968712712E+07
-5.066143547902147E+07
-5.303296822771467E+07
-5.538503808119082E+07
-5.772227737597840E+07
-6.004897804534249E+07
-6.236871738233074E+07
-6.468411842537589E+07
-6.699675734718864E+07
-6.930719038809629E+07
-7.161505276195687E+07
-7.391918267603295E+07
-7.621773670680577E+07
-7.850827897948922E+07
-8.078784056613202E+07
-8.305295592940153E+07
-8.529969082628459E+07
-8.752368166780262E+07
-8.972020958515692E+07
-9.188433152094933E+07
-9.401108283817390E+07
-9.609574969578773E+07
-9.813418719978683E+07
-1.001231387126526E+08
-1.020605025972475E+08
-1.039455007494571E+08
-1.057787249825392E+08
-1.075620618267227E+08
-1.092985132585874E+08
-1.109919371056974E+08
-1.126467306976377E+08
-1.142674815540917E+08
-1.158586131048265E+08
-1.174240594004434E+08
-1.189670042540479E+08
-1.204897119853076E+08
-1.219934592542372E+08
-1.234785567380728E+08
-1.249444337852071E+08
-1.263897534981435E+08
-1.278125295124980E+08
-1.292102252121715E+08
-1.305798271411707E+08
-1.319178945084427E+08
-1.332205953554714E+08
-1.344837474983675E+08
-1.357028886934865E+08
-1.368734038911008E+08
-1.379907339405741E+08
-1.390506745123564E+08
-1.400497440240138E+08
-1.409855617435670E+08
-1.418571501574973E+08
-1.426650798862609E+08
-1.434114164380764E+08
-1.440994866492636E+08
-1.447335275446825E+08
-1.453182926602868E+08
-1.458586749384297E+08
-1.463593789696651E+08
-1.468246541514864E+08
-1.472580899183474E+08
-1.476624720521716E+08
-1.480396996659251E+08
-1.483907613525028E+08
-1.487157648189436E+08
-1.490140085386685E+08
-1.492840792963583E+08
-1.495239581553197E+08
-1.497311199230018E+08
-1.499026167607415E+08
-1.500351437830983E+08
-1.501250922524543E+08
-1.501686038140652E+08
-1.501616467751138E+08
-1.501001414089689E+08
-1.499801621271839E+08
-1.497982338350615E+08
-1.495517113311278E+08
-1.492391848871161E+08
-1.488608094671833E+08
-1.484184423531274E+08
-1.479155194643604E+08
-1.477808520793496E+08