-6.807847851469811E+05
-6.820120542072291E+05
-6.832392168259056E+05
-6.844662709546153E+05
-6.856932143154001E+05
-6.869200443945176E+05
-6.881467584363584E+05
-6.893733534375406E+05
-6.905998261412511E+05
-6.918261730319082E+05
-6.930523903302458E+05
-6.942784739889586E+05
-6.955044196890751E+05
-6.967302228372756E+05
-6.979558785644240E+05
-6.991813817256535E+05
-7.004067269024244E+05
-7.016319084070643E+05
-7.028569202904048E+05
-7.040817563532443E+05
-7.053064101624956E+05
-7.065308750730688E+05
-7.077551442561499E+05
-7.089792107362299E+05
-7.102030674363052E+05
-7.114267072338177E+05
-7.126501230278849E+05
-7.138733078179732E+05
-7.150962547939555E+05
-7.163189574365407E+05
-7.175414096255811E+05
-7.187636057519699E+05
-7.199855408269612E+05
-7.212072105809819E+05
-7.224286115425864E+05
-7.236497410873442E+05
-7.248705974463659E+05
-7.260911796660052E+05
-7.273114875167537E+05
-7.285315213478758E+05
-7.297512818991028E+05
-7.309707700785680E+05
-7.321899867236732E+05
-7.334089323639880E+05
-7.346276070035747E+05
-7.358460099367271E+05
-7.370641396065879E+05
-7.382819935110825E+05
-7.394995681556518E+05
-7.407168590480132E+05
-7.419338607271822E+05
-7.431505668178884E+05
-7.443669701028804E+05
-7.455830626068169E+05
-7.467988356815191E+05
-7.480142800925464E+05
-7.492293861008352E+05
-7.504441435382653E+05
-7.516585418758621E+05
-7.528725702842386E+05
-7.540862176863563E+05
-7.552994728030183E+05
-7.565123241917081E+05
-7.577247602794901E+05
-7.589367693907083E+05
-7.601483397701913E+05
-7.613594596026107E+05
-7.625701170285797E+05
-7.637803001580349E+05
-7.649899970813795E+05
-7.661991958786868E+05
-7.674078846274021E+05
-7.686160514087445E+05
-7.698236843130671E+05
-7.710307714443550E+05
-7.722373009240188E+05
-7.734432608941066E+05
-7.746486395200351E+05
-7.758534249929222E+05
-7.770576055315807E+05
-7.782611693842261E+05
-7.794641048299340E+05
-7.806664001798766E+05
-7.818680437783604E+05
-7.830690240036781E+05
-7.842693292687888E+05
-7.854689480218312E+05
-7.866678687464780E+05
-7.878660799621342E+05
-7.890635702239870E+05
-7.902603281229107E+05
-7.914563422852401E+05
-7.926516013724238E+05
-7.938460940805804E+05
-7.950398091399879E+05
-7.962327353145479E+05
-7.974248614012827E+05
-7.986161762299432E+05
-7.998066686628275E+05
-8.009963275949456E+05
-8.021851419546973E+05
-8.033731007052739E+05
-8.045601928470982E+05
-8.057464074215271E+05
-8.069317335164082E+05
-8.081161602738632E+05
-8.092996769009487E+05
-8.104822726839659E+05
-8.116639370072602E+05
-8.128446593774837E+05
-8.140244294544087E+05
-8.152032370894823E+05
-8.163810723733252E+05
-8.175579256932957E+05
-8.187337878019981E+05
-8.199086498972040E+05
-8.210825037130037E+05
-8.222553416209064E+05
-8.234271567388731E+05
-8.245979430421930E+05
-8.257676954733344E+05
-8.269364100396611E+05
-8.281040838906458E+05
-8.292707153647657E+05
-8.304363039957284E+05
-8.316008504698519E+05
-8.327643565305318E+05
-8.339268248309905E+05
-8.350882587421649E+05
-8.362486621278534E+05
-8.374080391033629E+05
-8.385663937960787E+05
-8.397237301258622E+05
-8.408800516191153E+05
-8.420353612652448E+05
-8.431896614216268E+05
-8.443429537637241E+05
-8.454952392770415E+05
-8.466465182831698E+05
-8.477967904912233E+05
-8.489460550664390E+05
-8.500943107086065E+05
-8.512415557341968E+05
-8.523877881574351E+05
-8.535330057669576E+05
-8.546772061959970E+05
-8.558203869850949E+05
-8.569625456370282E+05
-8.581036796638054E+05
-8.592437866259289E+05
-8.603828641655679E+05
-8.615209100330770E+05
-8.626579221084503E+05
-8.637938984181079E+05
-8.649288371477230E+05
-8.660627366516863E+05
-8.671955954597326E+05
-8.683274122811825E+05
-8.694581860071903E+05
-8.705879157113296E+05
-8.717166006487944E+05
-8.728442402544479E+05
-8.739708341399061E+05
-8.750963820898177E+05
-8.762208840574661E+05
-8.773443401598023E+05
-8.784667506719835E+05
-8.795881160214940E+05
-8.807084367818964E+05
-8.818277136662558E+05
-8.829459475202695E+05
-8.840631393151291E+05
-8.851792901401303E+05
-8.862944011950515E+05
-8.874084737823084E+05
-8.885215092989001E+05
-8.896335092281536E+05
-8.907444751312780E+05
-8.918544086387435E+05
-8.929633114414958E+05
-8.940711852820310E+05
-8.951780319453535E+05
-8.962838532498587E+05
-8.973886510381796E+05
-8.984924271680726E+05
-8.995951835034179E+05
-9.006969219054445E+05
-9.017976442243191E+05
-9.028973522912795E+05
-9.039960479115305E+05
-9.050937328581866E+05
-9.061904088676069E+05
-9.072860776365536E+05
-9.083807408216943E+05
-9.094744000420759E+05
-9.105670568853124E+05
-9.116587129183594E+05
-9.127493697039366E+05
-9.138390288232744E+05
-9.149276919075460E+05
-9.160153606774081E+05
-9.171020369932218E+05
-9.181877229164874E+05
-9.192724207826158E+05
-9.203561332849422E+05
-9.214388635688997E+05
-9.225206153337749E+05
-9.236013929376586E+05
-9.246812014993118E+05
-9.257600469889222E+05
-9.268379362983345E+05
-9.279148772805381E+05
-9.289908787481986E+05
-9.300659504229653E+05
-9.311401028338607E+05
-9.322133471615796E+05
-9.332856950405162E+05
-9.343571583278709E+05
-9.354277488567736E+05
-9.364974781925714E+05
-9.375663574095375E+05
-9.386343969017240E+05
-9.397016062371159E+05
-9.407679940592110E+05
-9.418335680352496E+05
-9.428983348461250E+05
-9.439623002101072E+05
-9.450254689314925E+05
-9.460878449667345E+05
-9.471494315018298E+05
-9.482102310307771E+05
-9.492702454352397E+05
-9.503294760591815E+05
-9.513879237774281E+05
-9.524455890569184E+05
-9.535024720102871E+05
-9.545585724418883E+05
-9.556138898866916E+05
-9.566684236426774E+05
-9.577221727974520E+05
-9.587751362498236E+05
-9.598273127270461E+05
-9.608787007983780E+05
-9.619292988855414E+05
-9.629791052706200E+05
-9.640281181018740E+05
-9.650763353977681E+05
-9.661237550496483E+05
-9.671703748232702E+05
-9.682161923594297E+05
-9.692612051738838E+05
-9.703054106567110E+05
-9.713488060712366E+05
-9.723913885526246E+05
-9.734331551062149E+05
-9.744741026056682E+05
-9.755142277909699E+05
-9.765535272663274E+05
-9.775919974979927E+05
-9.786296348120264E+05
-9.796664353920214E+05
-9.807023952767943E+05
-9.817375103580503E+05
-9.827717763780298E+05
-9.838051889271372E+05
-9.848377434415588E+05
-9.858694352008755E+05
-9.869002593256793E+05
-9.879302107752087E+05
-9.889592843450226E+05
-9.899874746647447E+05
-9.910147761959198E+05
-9.920411832300390E+05
-9.930666898868117E+05
-9.940912901127869E+05
-9.951149776804566E+05
-9.961377461880117E+05
-9.971595890599624E+05
-9.981804995489384E+05
-9.992004707388985E+05
-1.000219495550344E+06
-1.001237566747913E+06
-1.002254676951010E+06
-1.003270818648260E+06
-1.004285984216613E+06
-1.005300165946101E+06
-1.006313356071334E+06
-1.007325546810911E+06
-1.008336730415979E+06
-1.009346899229021E+06
-1.010356045753747E+06
-1.011364162736518E+06
-1.012371243259066E+06
-1.013377280841165E+06
-1.014382269551087E+06
-1.015386204117780E+06
-1.016389080041587E+06
-1.017390893692426E+06
-1.018391642386971E+06
-1.019391324434952E+06
-1.020389939144320E+06
-1.021387486777286E+06
-1.022383968453455E+06
-1.023379386001591E+06
-1.024373741767201E+06
-1.025367038388383E+06
-1.026359278556355E+06
-1.027350464779175E+06
-1.028340599166345E+06
-1.029329683247846E+06
-1.030317717836202E+06
-1.031304702937105E+06
-1.032290637705135E+06
-1.033275520441004E+06
-1.034259348622478E+06
-1.035242118960261E+06
-1.036223827470630E+06
-1.037204469557582E+06
-1.038184040098432E+06
-1.039162533528192E+06
-1.040139943919474E+06
-1.041116265055898E+06
-1.042091490498068E+06
-1.043065613641836E+06
-1.044038627768727E+06
-1.045010526088752E+06
-1.045981301777230E+06
-1.046950948005093E+06
-1.047919457964225E+06
-1.048886824888264E+06
-1.049853042069536E+06
-1.050818102872737E+06
-1.051782000745875E+06
-1.052744729228906E+06
-1.053706281960470E+06
-1.054666652683039E+06
-1.055625835246753E+06
-1.056583823612164E+06
-1.057540611852089E+06
-1.058496194152700E+06
-1.059450564813996E+06
-1.060403718249750E+06
-1.061355648986999E+06
-1.062306351665159E+06
-1.063255821034798E+06
-1.064204051956119E+06
-1.065151039397165E+06
-1.066096778431790E+06
-1.067041264237385E+06
-1.067984492092397E+06
-1.068926457373626E+06
-1.069867155553322E+06
-1.070806582196079E+06
-1.071744732955535E+06
-1.072681603570882E+06
-1.073617189863199E+06
-1.074551487731629E+06
-1.075484493149410E+06
-1.076416202159807E+06
-1.077346610871971E+06
-1.078275715456806E+06
-1.079203512142912E+06
-1.080129997212705E+06
-1.081055166998860E+06
-1.081979017881247E+06
-1.082901546284588E+06
-1.083131971333242E+06