-3.615638921529161E+07
-3.401072563872994E+07
-3.186198349828449E+07
-2.971035392328909E+07
-2.755602932709765E+07
-2.539920339307203E+07
-2.324007106004346E+07
-2.107882850709680E+07
-1.891567313773222E+07
-1.675080356359391E+07
-1.458441958783423E+07
-1.241672218795575E+07
-1.024791349793916E+07
-8.078196789672526E+06
-5.907776453876310E+06
-3.736857980617605E+06
-1.565647939275339E+06
6.056460421870319E+05
2.776815298562674E+06
4.947650149200691E+06
7.117939920303930E+06
9.287472967920782E+06
1.145603670168263E+07
1.362341760910879E+07
1.578940128031690E+07
1.795377243320397E+07
2.011631493930402E+07
2.227681185040379E+07
2.443504542578234E+07
2.659079715991621E+07
2.874384781068501E+07
3.089397742824067E+07
3.304096538455739E+07
3.518459040349722E+07
3.732463059131543E+07
3.946086346776473E+07
4.159306599796097E+07
4.372101462491231E+07
4.584448530248379E+07
4.796325352874354E+07
5.007709437986194E+07
5.218578254471771E+07
5.428909236015057E+07
5.638679784669085E+07
5.847867274471126E+07
6.056449055112101E+07
6.264402455669065E+07
6.471704788389369E+07
6.678333352510732E+07
6.884265438122401E+07
7.089478330088289E+07
7.293949312035771E+07
7.497655670388176E+07
7.700574698422848E+07
7.902683700363025E+07
8.103959995522828E+07
8.304380922507854E+07
8.503923843455750E+07
8.702566148305270E+07
8.900285259099694E+07
9.097058634335846E+07
9.292863773354495E+07
9.487678220754136E+07
9.681479570821612E+07
9.874245471995921E+07
1.006595363138054E+08
1.025658181929244E+08
1.044610787382199E+08
1.063450970539804E+08
1.082176530137576E+08
1.100785273065878E+08
1.119275014834447E+08
1.137643580037631E+08
1.155888802820279E+08
1.174008527345455E+08
1.192000608264120E+08
1.209862911185248E+08
1.227593313144862E+08
1.245189703074655E+08
1.262649982272156E+08
1.279972064872618E+08
1.297153878320345E+08
1.314193363837509E+08
1.331088476891285E+08
1.347837187661083E+08
1.364437481505660E+08
1.380887359428303E+08
1.397184838539265E+08
1.413327952516485E+08
1.429314752065374E+08
1.445143305376545E+08
1.460811698579552E+08
1.476318036192300E+08
1.491660441567755E+08
1.506837057339251E+08
1.521846045863138E+08
1.536685589656282E+08
1.551353891827847E+08
1.565849176507021E+08
1.580169689267571E+08
1.594313697547795E+08
1.608279491064309E+08
1.622065382220176E+08
1.635669706508730E+08
1.649090822912739E+08
1.662327114296901E+08
1.675376987792416E+08
1.688238875174632E+08
1.700911233235551E+08
1.713392544151199E+08
1.725681315841755E+08
1.737776082322775E+08
1.749675404048346E+08
1.761377868247757E+08
1.772882089255254E+08
1.784186708831040E+08
1.795290396473100E+08
1.806191849721395E+08
1.816889794455171E+08
1.827382985181873E+08
1.837670205315607E+08
1.847750267445320E+08
1.857622013594548E+08
1.867284315473799E+08
1.876736074724336E+08
1.885976223151373E+08
1.895003722946476E+08
1.903817566900695E+08
1.912416778609128E+08
1.920800412665463E+08
1.928967554845257E+08
1.936917322278926E+08
1.944648863616243E+08
1.952161359181840E+08
1.959454021119458E+08
1.966526093523993E+08
1.973376852562815E+08
1.980005606588238E+08
1.986411696240905E+08
1.992594494542345E+08
1.998553406975768E+08
2.004287871556078E+08
2.009797358890468E+08
2.015081372229057E+08
2.020139447503986E+08
2.024971153357030E+08
2.029576091157727E+08
2.033953895012996E+08
2.038104231766560E+08
2.042026800986198E+08
2.045721334939407E+08
2.049187598559713E+08
2.052425389404538E+08
2.055434537603386E+08
2.058214905795011E+08
2.060766389054016E+08
2.063088914808331E+08
2.065182442747942E+08
2.067046964723540E+08
2.068682504634319E+08
2.070089118306358E+08
2.071266893363613E+08
2.072215949091153E+08
2.072936436288358E+08
2.073428537111340E+08
2.073692464906462E+08
2.073728464036917E+08
2.073536809701979E+08
2.073117807747400E+08
2.072471794466796E+08
2.071599136395416E+08
2.070500230097241E+08
2.069175501944643E+08
2.067625407889349E+08
2.065850433225279E+08
2.063851092345471E+08
2.061627928494117E+08
2.059181513512151E+08
2.056512447574480E+08
2.053621358919665E+08
2.050508903574425E+08
2.047175765073786E+08
2.043622654175490E+08
2.039850308567822E+08
2.035859492571930E+08
2.031650996840084E+08
2.027225638049650E+08
2.022584258591426E+08
2.017727726251988E+08
2.012656933891836E+08
2.007372799121265E+08
2.001876263973584E+08
1.996168294573570E+08
1.990249880800508E+08
1.984122035947751E+08
1.977785796380627E+08
1.971242221192132E+08
1.964492391854922E+08
1.957537411869999E+08
1.950378406413811E+08
1.943016521984362E+08
1.935452926044978E+08
1.927688806664651E+08
1.919725372155970E+08
1.911563850712841E+08
1.903205490048773E+08
1.894651557034195E+08
1.885903337331165E+08
1.876962135026222E+08
1.867829272263567E+08
1.858506088879103E+08
1.848993942033873E+08
1.839294205846235E+08
1.829408271024311E+08
1.819337544500178E+08
1.809083449064917E+08
1.798647423002874E+08
1.788030919725075E+08
1.777235407403834E+08
1.766262368610193E+08
1.755113299953513E+08
1.743789711721365E+08
1.732293127519249E+08
1.720625083911815E+08
1.708787130067017E+08
1.696780827402376E+08
1.684607749231981E+08
1.672269480414815E+08
1.659767617006376E+08
1.647103765913847E+08
1.634279544552910E+08
1.621296580505016E+08
1.608156511176440E+08
1.594860983461277E+08
1.581411653408683E+08
1.567810185892752E+08
1.554058254283755E+08
1.540157540121532E+08
1.526109732792698E+08
1.511916529211756E+08
1.497579633504638E+08
1.483100756694209E+08
1.468481616389407E+08
1.453723936479414E+08
1.438829446831650E+08
1.423799882991461E+08
1.408636985883596E+08
1.393342501517636E+08
1.377918180698746E+08
1.362365778742665E+08
1.346687055193273E+08
1.330883773542649E+08
1.314957700955080E+08
1.298910607995740E+08
1.282744268363008E+08
1.266460458623220E+08
1.250060957948681E+08
1.233547547860867E+08
1.216922011978903E+08
1.200186135771070E+08
1.183341706308010E+08
1.166390512019074E+08
1.149334342453941E+08
1.132174988049435E+08
1.114914239899754E+08
1.097553889529267E+08
1.080095728668911E+08
1.062541549037326E+08
1.044893142126192E+08
1.027152298988352E+08
1.009320810028579E+08
9.914004647987606E+07
9.733930517987047E+07
9.553003582811859E+07
9.371241700589719E+07
9.188662713138714E+07
9.005284444100428E+07
8.821124697126780E+07
8.636201254107417E+07
8.450531873421690E+07
8.264134288219948E+07
8.077026204747908E+07
7.889225300714616E+07
7.700749223689699E+07
7.511615589521340E+07
7.321841980786353E+07
7.131445945290434E+07
6.940444994616970E+07
6.748856602702241E+07
6.556698204423476E+07
6.363987194213738E+07
6.170740924723820E+07
5.976976705528024E+07
5.782711801855272E+07
5.587963433340763E+07
5.392748772812082E+07
5.197084945117728E+07
5.000989025986227E+07
4.804478040901220E+07
4.607568963996100E+07
4.410278716987043E+07
4.212624168153595E+07
4.014622131351989E+07
3.816289365040576E+07
3.617642571317874E+07
3.418698394993733E+07
3.219473422702753E+07
3.019984182045390E+07
2.820247140743067E+07
2.620278705815488E+07
2.420095222795397E+07
2.219712974975958E+07
2.019148182672115E+07
1.818417002490066E+07
1.617535526620543E+07
1.416519782172767E+07
1.215385730544257E+07
1.014149266805819E+07
8.128262190911222E+06
6.114323480036515E+06
4.099833460577817E+06
2.084948371493739E+06
6.982376038565506E+04
-1.945385521569240E+06
-3.960525324412842E+06
-5.975442203863853E+06
-7.989983425607158E+06
-1.000399696957673E+07
-1.201733153415352E+07
-1.402983654006794E+07
-1.604136213394774E+07
-1.805175919167311E+07
-2.006087932170929E+07
-2.206857486838632E+07
-2.407469891495766E+07
-2.607910528638362E+07
-2.808164855197890E+07
-3.008218402803086E+07
-3.208056778027621E+07
-3.407665662608118E+07
-3.607030813639747E+07
-3.806138063771624E+07
-4.004973321406968E+07
-4.203522570888405E+07
-4.401771872652156E+07
-4.599707363359049E+07
-4.797315256022033E+07
-4.994581840135799E+07
-5.191493481795694E+07
-5.388036623794840E+07
-5.584197785706329E+07
-5.779963563964979E+07
-5.975320631946512E+07
-6.170255740026455E+07
-6.364755715613443E+07
-6.558807463176059E+07
-6.752397964280960E+07
-6.945514277632211E+07
-7.138143539088939E+07
-7.330272961657465E+07
-7.521889835475877E+07
-7.712981527804397E+07
-7.903535483014317E+07
-8.093539222561905E+07
-8.282980344947736E+07
-8.471846525675179E+07
-8.518971799277833E+07