5.941270492988122E+03
3.366437797005427E+06
6.714770772700474E+06
1.004063372511575E+07
1.333349507802985E+07
1.658257050045681E+07
1.977679516024334E+07
2.290479614611708E+07
2.595486541334879E+07
2.891493372435455E+07
3.177254620179743E+07
3.451484029418067E+07
3.712852717957061E+07
3.959987790973546E+07
4.191471593289661E+07
4.405841803663111E+07
4.601592623031683E+07
4.777177364327163E+07
4.931012814965320E+07
5.061485813474221E+07
5.166962556604262E+07
5.245801228255676E+07
5.296368609293159E+07
5.317061376423580E+07
5.306332812316878E+07
5.262725605536871E+07
5.184911288719995E+07
5.071736612449028E+07
4.922276743775441E+07
4.735894579914396E+07
4.512304661862531E+07
4.251639172515657E+07
3.954512370839600E+07
3.622078674641515E+07
3.256078658897837E+07
2.858866743516349E+07
2.433414580357037E+07
1.983285334444830E+07
1.512576259982281E+07
1.025830040018364E+07
5.279188743377682E+06
2.390864915544409E+05
-4.810869630145953E+06
-9.820514739021365E+06
-1.474199060893191E+07
-1.953087887715799E+07
-2.414707472672393E+07
-2.855537567950761E+07
-3.272579048938339E+07
-3.663359695626921E+07
-4.025919272408929E+07
-4.358778981597274E+07
-4.660900329589475E+07
-4.931637920135298E+07
-5.170689896287385E+07
-5.378048872554664E+07
-5.553955358213556E+07
-5.698854945124037E+07
-5.813359949652338E+07
-5.898215760182552E+07
-5.954271834030081E+07
-5.982457087524727E+07
-5.983759306276001E+07
-5.959208146827179E+07
-5.909861287305693E+07
-5.836793298540144E+07
-5.741086837422305E+07
-5.623825803185520E+07
-5.486090139393845E+07
-5.328952006325787E+07
-5.153473088001041E+07
-4.960702834204190E+07
-4.751677470013754E+07
-4.527419633469166E+07
-4.288938526271430E+07
-4.037230483122522E+07
-3.773279882834089E+07
-3.498060339063208E+07
-3.212536120834572E+07
-2.917663763226955E+07
-2.614393837042632E+07
-2.303672853205313E+07
-1.986445283268689E+07
-1.663655681947391E+07
-1.336250901151882E+07
-1.005182387729862E+07
-6.714085590675804E+06
-3.358972519312758E+06
3.717595539188401E+03
3.364041811006552E+06
6.711885559349759E+06
1.003693570113548E+07
1.332865315504274E+07
1.657624524487929E+07
1.976863795881760E+07
2.289444838728041E+07
2.594195769792579E+07
2.889908512318986E+07
3.175336358309042E+07
3.449191774962502E+07
3.710144558614905E+07
3.956820467339627E+07
4.187800497157176E+07
4.401621007335584E+07
4.596774948273457E+07
4.771714501359531E+07
4.924855503903590E+07
5.054584102747154E+07
5.159266155096973E+07
5.237259969988912E+07
5.286933051108511E+07
5.306683549960233E+07
5.294967150947209E+07
5.250330064094619E+07
5.171448667847554E+07
5.057176089136386E+07
4.906595594121452E+07
4.719080058566891E+07
4.494355974939704E+07
4.232569448243144E+07
3.934350497576656E+07
3.600870844467442E+07
3.233889433587814E+07
2.835779456850743E+07
2.409530913953030E+07
1.958723958101879E+07
1.487470510337225E+07
1.000324713867212E+07
5.021663188977061E+06
-1.935579414687119E+04
-5.068685479441223E+06
-1.007621561298903E+07
-1.499417967129676E+07
-1.977828076786725E+07
-2.438855686410581E+07
-2.878996089167465E+07
-3.295266159426385E+07
-3.685209448292018E+07
-4.046880727239567E+07
-4.378815061817484E+07
-4.679986443278924E+07
-4.949760470762436E+07
-5.187844779116999E+07
-5.394240027330814E+07
-5.569193424747229E+07
-5.713156048836189E+07
-5.826744629082783E+07
-5.910708037661257E+07
-5.965898423475530E+07
-5.993246728933053E+07
-5.993742214174008E+07
-5.968415559160285E+07
-5.918325101418843E+07
-5.844545781707169E+07
-5.748160400512321E+07
-5.630252827334468E+07
-5.491902846850307E+07
-5.334182367885778E+07
-5.158152760593360E+07
-4.964863123215213E+07
-4.755349311842939E+07
-4.530633594587108E+07
-4.291724815719797E+07
-4.039618975960866E+07
-3.775300152514108E+07
-3.499741697108679E+07
-3.213907662535498E+07
-2.918754418329695E+07
-2.615232424642192E+07
-2.304288140229084E+07
-1.986866046088692E+07
-1.663910770775472E+07
-1.336369306963020E+07
-1.005193311525643E+07
-6.713414833366746E+06
-3.357820141872550E+06
5.048912749278888E+03
3.365244309203336E+06
6.712645611739463E+06
1.003693300948773E+07
1.332755993603290E+07
1.657372541123920E+07
1.976434630222940E+07
2.288802977240170E+07
2.593304628006713E+07
2.888730360612749E+07
3.173832253846586E+07
3.447321502556862E+07
3.707866584040502E+07
3.954091907558028E+07
4.184577113052250E+07
4.397857225909208E+07
4.592423922847706E+07
4.766728220171313E+07
4.919184959546613E+07
5.048179537162992E+07
5.152077397138280E+07
5.229236884793263E+07
5.278026122344635E+07
5.296844617013294E+07
5.284150322697396E+07
5.238492828320878E+07
5.158553209475406E+07
5.043190820437707E+07
4.891496884475987E+07
4.702854129706756E+07
4.477000899609070E+07
4.214097157028800E+07
3.914788663200206E+07
3.580264480160084E+07
3.212302019503363E+07
2.813293404298674E+07
2.386247199479230E+07
1.934760812808479E+07
1.462961132969047E+07
9.754140799274653E+06
4.770072658706085E+06
-2.718671929090181E+05
-5.320564400104772E+06
-1.032596149861111E+07
-1.524038249081165E+07
-2.001965147667692E+07
-2.462394936383470E+07
-2.901838524632861E+07
-3.317328909257557E+07
-3.706425572425164E+07
-4.067198477074715E+07
-4.398196749509177E+07
-4.698407066601228E+07
-4.967206218753591E+07
-5.204311517333527E+07
-5.409731834907503E+07
-5.583721231497784E+07
-5.726736400798909E+07
-5.839398595602909E+07
-5.922460262023886E+07
-5.976776311634145E+07
-6.003279766278076E+07
-6.002961397835354E+07
-5.976852932414310E+07
-5.926013376869331E+07
-5.851518040646902E+07
-5.754449856966189E+07
-5.635892646541752E+07
-5.496926009233723E+07
-5.338621570797603E+07
-5.162040351278302E+07
-4.968231057463351E+07
-4.758229133716684E+07
-4.533056433396275E+07
-4.293721397096414E+07
-4.041219644460838E+07
-3.776534903658193E+07
-3.500640217181796E+07
-3.214499374802225E+07
-2.919068534604621E+07
-2.615298001385165E+07
-2.304134138524726E+07
-1.986521395022871E+07
-1.663404433843707E+07
-1.335730351240939E+07
-1.004450979402323E+07
-6.705252666599422E+06
-3.349217306965580E+06
1.379019347706046E+04
3.373816962199095E+06
6.720736887416183E+06
1.004422364146327E+07
1.333372328799049E+07
1.657842661644081E+07
1.976724140264073E+07
2.288876486689412E+07
2.593125669437253E+07
2.888261310128642E+07
3.173034257960592E+07
3.446154413918527E+07
3.706288909612318E+07
3.952060773790661E+07
4.182048253761575E+07
4.394784999932619E+07
4.588761370173772E+07
4.762427167102055E+07
4.914196185551121E+07
5.042453018365134E+07
5.145562643746705E+07
5.221883392046915E+07
5.269783956420854E+07
5.287665158394001E+07
5.273987189101226E+07
5.227302996675949E+07
5.146298350527956E+07
5.029838849334847E+07
4.877023714914498E+07
4.687245597184147E+07
4.460254790835725E+07
4.196225248798361E+07
3.895818637928253E+07
3.560241552074722E+07
3.191290082452461E+07
2.791375507963818E+07
2.363525183503928E+07
1.911353982693933E+07
1.439003946133387E+07
9.510529156724509E+06
4.523964623244946E+06
-5.188928572851857E+05
-5.566939008455330E+06
-1.057016975965583E+07
-1.548100067173999E+07
-2.025537819754416E+07
-2.485362778648597E+07
-2.924101641658046E+07
-3.338803703553545E+07
-3.727044548565842E+07
-4.086909491685751E+07
-4.416961865999148E+07
-4.716201162975515E+07
-4.984015475119833E+07
-5.220131883034636E+07
-5.424567548283916E+07
-5.597583441045329E+07
-5.739641916430318E+07
-5.851368783234237E+07
-5.933520083506913E+07
-5.986953504507928E+07
-6.012604153164918E+07
-6.011464312830798E+07
-5.984566750885840E+07
-5.932971135175259E+07
-5.857753133027656E+07
-5.759995797962466E+07
-5.640782888561708E+07
-5.501193806194247E+07
-5.342299880021390E+07
-5.165161766992045E+07
-4.970827770289792E+07
-4.760332911476810E+07
-4.534698619339859E+07
-4.294932922366989E+07
-4.042031052185815E+07
-3.776976382547840E+07
-3.500741642933893E+07
-3.214290357953405E+07
-2.918578473754581E+07
-2.614556140954867E+07
-2.303169630401724E+07
-1.985363363602329E+07
-1.662082044097453E+07
-1.334272879542956E+07
-1.002887886910318E+07
-6.688862751008313E+06
-3.332369004297769E+06
3.079209111350958E+04
3.390662651858164E+06
6.737110714727607E+06
1.005980324440482E+07
1.334817872872805E+07
1.659141950644086E+07
1.977842402824487E+07
2.289777932512354E+07
2.593773405202934E+07
2.888617259459144E+07
3.173059087684053E+07
3.445807469529793E+07
3.705528163625654E+07
3.950842791655454E+07
4.009754708416191E+07