-9.435356118127899E+07
-9.580765049120945E+07
-9.718594000985654E+07
-9.848734867387462E+07
-9.971085827280644E+07
-1.008555142488451E+08
-1.019204264379340E+08
-1.029047697516687E+08
-1.038077847995141E+08
-1.046287784509452E+08
-1.053671243371894E+08
-1.060222632923253E+08
-1.065937037335664E+08
-1.070810219806339E+08
-1.074838625141988E+08
-1.078019381734441E+08
-1.080350302928706E+08
-1.081829887785423E+08
-1.082457321240331E+08
-1.082232473664113E+08
-1.081155899826590E+08
-1.079228837269920E+08
-1.076453204096039E+08
-1.072831596174319E+08
-1.068367283775840E+08
-1.063064207641394E+08
-1.056926974490806E+08
-1.049960851981729E+08
-1.042171763126559E+08
-1.033566280176610E+08
-1.024151617983148E+08
-1.013935626845328E+08
-1.002926784855471E+08
-9.911341897525433E+07
-9.785675502950287E+07
-9.652371771647458E+07
-9.511539734134772E+07
-9.363294244645590E+07
-9.207755876818632E+07
-9.045050815188101E+07
-8.875310742603298E+07
-8.698672723708312E+07
-8.515279084614272E+07
-8.325277288898174E+07
-8.128819810063572E+07
-7.926064000599422E+07
-7.717171957774165E+07
-7.502310386302841E+07
-7.281650458025369E+07
-7.055367668734504E+07
-6.823641692291941E+07
-6.586656232170978E+07
-6.344598870563824E+07
-6.097660915191337E+07
-5.846037243952686E+07
-5.589926147551014E+07
-5.329529170231351E+07
-5.065050948765562E+07
-4.796699049818309E+07
-4.524683805826987E+07
-4.249218149527357E+07
-3.970517447255383E+07
-3.688799331154429E+07
-3.404283530415508E+07
-3.117191701676758E+07
-2.827747258706670E+07
-2.536175201493880E+07
-2.242701944864497E+07
-1.947555146746045E+07
-1.650963536195096E+07
-1.353156741303689E+07
-1.054365117097406E+07
-7.548195735360477E+06
-4.547514037255995E+06
-1.543921124481201E+06
1.460267548858922E+06
4.462737827601530E+06
7.461178554497852E+06
1.045328326194535E+07
1.343675185551407E+07
1.640929228831991E+07
1.936862222531563E+07
2.231247069658833E+07
2.523857973876915E+07
2.814470602367788E+07
3.102862247334091E+07
3.388811986053881E+07
3.672100839404941E+07
3.952511928777537E+07
4.229830631295332E+07
4.503844733265570E+07
4.774344581781159E+07
5.041123234398438E+07
5.303976606815549E+07
5.562703618477441E+07
5.817106336034564E+07
6.066990114583296E+07
6.312163736617126E+07
6.552439548618493E+07
6.787633595222029E+07
7.017565750880808E+07
7.242059848968181E+07
7.460943808249414E+07
7.674049756656174E+07
7.881214152300763E+07
8.082277901665531E+07
8.277086474904376E+07
8.465490018193929E+07
8.647343463072371E+07
8.822506632704136E+07
8.990844345009094E+07
9.152226512595187E+07
9.306528239433876E+07
9.453629914218162E+07
9.593417300343412E+07
9.725781622451618E+07
9.850619649480262E+07
9.967833774157669E+07
1.007733208888755E+08
1.017902845796487E+08
1.027284258606746E+08
1.035870008296734E+08
1.043653252440655E+08
1.050627750908345E+08
1.056787871169574E+08
1.062128593198763E+08
1.066645513974934E+08
1.070334851571795E+08
1.073193448832992E+08
1.075218776627655E+08
1.076408936681478E+08
1.076762663978717E+08
1.076279328730623E+08
1.074958937905952E+08
1.072802136319416E+08
1.069810207274017E+08
1.065985072753466E+08
1.061329293161037E+08
1.055846066601437E+08
1.049539227702458E+08
1.042413245973437E+08
1.034473223697778E+08
1.025724893357045E+08
1.016174614584404E+08
1.005829370645480E+08
9.946967644449840E+07
9.827850140577812E+07
9.701029477833945E+07
9.566599987232670E+07
9.424661988804774E+07
9.275321727819429E+07
9.118691306235632E+07
8.954888609391007E+07
8.784037227940410E+07
8.606266375060871E+07
8.421710798943649E+07
8.230510690598710E+07
8.032811587001455E+07
7.828764269616312E+07
7.618524658336513E+07
7.402253700884353E+07
7.180117257721138E+07
6.952285982521212E+07
6.718935198269570E+07
6.480244769047900E+07
6.236398967579158E+07
5.987586338605723E+07
5.733999558182922E+07
5.475835288973308E+07
5.213294031633919E+07
4.946579972393892E+07
4.675900826925114E+07
4.401467680614159E+07
4.123494825349284E+07
3.842199592941684E+07
3.557802185305556E+07
3.270525501526865E+07
2.980594961955892E+07
2.688238329463849E+07
2.393685528008924E+07
2.097168458662163E+07
1.798920813248246E+07
1.499177885760451E+07
1.198176381715205E+07
8.961542256137900E+06
5.933503666845247E+06
2.900045830821916E+06
-1.364271527479622E+05
-3.173506850454408E+06
-6.208782487980035E+06
-9.239842951421876E+06
-1.226427879468402E+07
-1.527968425098337E+07
-1.828365924648829E+07
-2.127381141409033E+07
-2.424775810529206E+07
-2.720312839817986E+07
-3.013756509944148E+07
-3.304872673838180E+07
-3.593428955088100E+07
-3.879194945124450E+07
-4.161942398989305E+07
-4.441445429484891E+07
-4.717480699498229E+07
-4.989827612299544E+07
-5.258268499613778E+07
-5.522588807266504E+07
-5.782577278207819E+07
-6.038026132720444E+07
-6.288731245621143E+07
-6.534492320267954E+07
-6.775113059189254E+07
-7.010401331154671E+07
-7.240169334512171E+07
-7.464233756619304E+07
-7.682415929203920E+07
-7.894541979491068E+07
-8.100442976941098E+07
-8.299955075448857E+07
-8.492919650859343E+07
-8.679183433661492E+07
-8.858598636728312E+07
-9.031023077978104E+07
-9.196320297838190E+07
-9.354359671399368E+07
-9.505016515156154E+07
-9.648172188234839E+07
-9.783714188018484E+07
-9.911536240085110E+07
-1.003153838238178E+08
-1.014362704356519E+08
-1.024771511544645E+08
-1.034372201948722E+08
-1.043157376730096E+08
-1.051120301512174E+08
-1.058254911221181E+08
-1.064555814318683E+08
-1.070018296424499E+08
-1.074638323329319E+08
-1.078412543397117E+08
-1.081338289358111E+08
-1.083413579493728E+08
-1.084637118215746E+08
-1.085008296042417E+08
-1.084527188975088E+08
-1.083194557279534E+08
-1.081011843676901E+08
-1.077981170949586E+08
-1.074105338968281E+08
-1.069387821146814E+08
-1.063832760332060E+08
-1.057444964136733E+08
-1.050229899723404E+08
-1.042193688048590E+08
-1.033343097576254E+08
-1.023685537470490E+08
-1.013229050277632E+08
-1.001982304108404E+08
-9.899545843311334E+07
-9.771557847874042E+07
-9.635963985418597E+07
-9.492875081781709E+07
-9.342407756534876E+07
-9.184684317239165E+07
-9.019832649538575E+07
-8.847986103221998E+07
-8.669283374385805E+07
-8.483868383830813E+07
-8.291890151828773E+07
-8.093502669394742E+07
-7.888864766202658E+07
-7.678139975282228E+07
-7.461496394635853E+07
-7.239106545914654E+07
-7.011147230292906E+07
-6.777799381680109E+07
-6.539247917409764E+07
-6.295681586543639E+07
-6.047292815930057E+07
-5.794277554153191E+07
-5.536835113510858E+07
-5.275168010156393E+07
-5.009481802539450E+07
-4.739984928279451E+07
-4.466888539604109E+07
-4.190406337484034E+07
-3.910754404592953E+07
-3.628151037221536E+07
-3.342816576271207E+07
-3.054973237452613E+07
-2.764844940811686E+07
-2.472657139704385E+07
-2.178636649339303E+07
-1.883011475005566E+07
-1.586010640101705E+07
-1.287864014078468E+07
-9.888021404076746E+06
-6.890560646864615E+06
-3.888571629845697E+06
-8.843697054037512E+05
2.119729890906088E+06
5.121413743329737E+06
8.118371952345503E+06
1.110829982357461E+07
1.408889954820988E+07
1.705788187401978E+07
2.001296776600305E+07
2.295189005578690E+07
2.587239507887917E+07
2.877224429890083E+07
3.164921591794118E+07
3.450110647219603E+07
3.732573241206147E+07
4.012093166587259E+07
4.288456518648957E+07
4.561451847994765E+07
4.830870311540050E+07
5.096505821559881E+07
5.358155192715801E+07
5.615618286988030E+07
5.868698156440705E+07
6.117201183748795E+07
6.360937220416315E+07
6.599719722616356E+07
6.833365884584367E+07
7.061696769496903E+07
7.284537437768976E+07
7.501717072703570E+07
7.713069103428009E+07
7.918431325052240E+07
8.117646015984753E+07
8.310560052342552E+07
8.497025019392124E+07
8.676897319958897E+07
8.850038279743193E+07
9.016314249481227E+07
9.175596703890164E+07
9.327762337336825E+07
9.472693156170031E+07
9.610276567657132E+07
9.740405465465707E+07
9.862978311631997E+07
9.977899214958343E+07
1.008507800578179E+08
1.018443030705759E+08
1.027587760170112E+08
1.035934729613278E+08
1.043477277997107E+08
1.050209348181966E+08
1.056125492109531E+08
1.061220875584413E+08
1.065491282649460E+08
1.068933119549698E+08
1.071543418279953E+08
1.073319839711330E+08
1.074260676291838E+08
1.074364854316582E+08
1.073631935763091E+08
1.072062119687508E+08
1.069656243177501E+08
1.066415781857964E+08
1.062342849945737E+08
1.057440199849782E+08
1.051711221313448E+08
1.045159940095691E+08
1.037791016188344E+08
1.035821634845129E+08