3.892585186728442E+01
3.884392491078148E+01
3.864390682936411E+01
3.832335131218659E+01
3.787949336826170E+01
3.730924698625282E+01
3.660920540236962E+01
3.577564490710547E+01
3.480453338227014E+01
3.369154507587727E+01
3.243208350419312E+01
3.102131482816246E+01
2.945421459536897E+01
2.772563137629502E+01
2.583037155777440E+01
2.376331038131500E+01
2.151953520897439E+01
1.909452792130152E+01
1.648439422256730E+01
1.368614832029284E+01
1.069806176221076E+01
7.520084866745075E+00
4.154347772950892E+00
6.057451352905759E-01
-3.117396753901438E+00
-7.002579851790409E+00
-1.103234261543211E+01
-1.518345408078901E+01
-1.942615150985474E+01
-2.372350275752776E+01
-2.803099851499770E+01
-3.229649964166107E+01
-3.646067421716342E+01
-4.045804947256499E+01
-4.421876724997125E+01
-4.767106299976399E+01
-5.074438925621043E+01
-5.337298677425242E+01
-5.549959255592666E+01
-5.707889341386318E+01
-5.808031474287514E+01
-5.848979286083911E+01
-5.831031098398892E+01
-5.756115684680918E+01
-5.627604290557073E+01
-5.450037609573406E+01
-5.228804454563698E+01
-4.969809560935808E+01
-4.679162503252708E+01
-4.362910514588324E+01
-4.026827722666948E+01
-3.676264080339853E+01
-3.316050302253654E+01
-2.950450787030117E+01
-2.583154544448507E+01
-2.217293980242522E+01
-1.855482367854269E+01
-1.499862391947999E+01
-1.152159867262285E+01
-8.137383564989040E+00
-4.856517963739350E+00
-1.686933444366891E+00
1.365605120024984E+00
4.297109541980616E+00
7.105029113605308E+00
9.787959475380408E+00
1.234539543022894E+01
1.477752293155966E+01
1.708504533168819E+01
1.926903914713933E+01
2.133083494713112E+01
2.327191941024244E+01
2.509385506230357E+01
2.679821466878192E+01
2.838652768584208E+01
2.986023656485014E+01
3.122066105124098E+01
3.246896892052565E+01
3.360615185445963E+01
3.463300538304563E+01
3.555011200773399E+01
3.635782678268819E+01
3.705626476896919E+01
3.764528989540335E+01
3.812450486391106E+01
3.849324183012885E+01
3.875055367602086E+01
3.889520577352707E+01
3.892566822082846E+01
3.884010861936334E+01
3.863638555440121E+01
3.831204304928660E+01
3.786430638846158E+01
3.729007985282724E+01
3.658594708950417E+01
3.574817505414370E+01
3.477272272617332E+01
3.365525611523819E+01
3.239117146088619E+01
3.097562898774485E+01
2.940360012488771E+01
2.766993173833434E+01
2.576943166234635E+01
2.369698064218036E+01
2.144767669724796E+01
1.901701883493278E+01
1.640113791237361E+01
1.359708312669277E+01
1.060317291424873E+01
7.419418665922666E+00
4.048028214686209E+00
4.939929926745654E-01
-3.234242566923988E+00
-7.124039129461839E+00
-1.115776984132498E+01
-1.531201501537095E+01
-1.955680252294513E+01
-2.385497576313288E+01
-2.816179503104804E+01
-3.242489793548849E+01
-3.658475347859726E+01
-4.057573422638561E+01
-4.432789357267409E+01
-4.776946549026462E+01
-5.083000433908531E+01
-5.344396432897096E+01
-5.555440489011767E+01
-5.711642914456169E+01
-5.809994590535018E+01
-5.849140668363991E+01
-5.829430271579236E+01
-5.752838568416495E+01
-5.622775812376999E+01
-5.443812383568838E+01
-5.221356683506273E+01
-4.961323222690491E+01
-4.669822637918392E+01
-4.352896118761279E+01
-4.016306455585808E+01
-3.665388742964837E+01
-3.304956885859510E+01
-2.939257801183376E+01
-2.571963310268580E+01
-2.206189593696831E+01
-1.844535080693947E+01
-1.489129210055276E+01
-1.141686217819797E+01
-8.035597209632797E+00
-4.757952433909121E+00
-1.591789252847809E+00
1.457185222535029E+00
4.385029725302110E+00
7.189231133326170E+00
9.868414728807126E+00
1.242209826046006E+01
1.485048502846256E+01
1.715429108128950E+01
1.933460179039909E+01
2.139275342205105E+01
2.333023576563156E+01
2.514861234593916E+01
2.684945520636112E+01
2.843429167959211E+01
2.990456095177169E+01
3.126157857067252E+01
3.250650734910259E+01
3.364033337371834E+01
3.466384605102898E+01
3.557762131114253E+01
3.638200725053442E+01
3.707711163247416E+01
3.766279078215509E+01
3.813863951720712E+01
3.850398184706618E+01
3.875786226038777E+01
3.889903750200077E+01
3.892596882350095E+01
3.883681477831963E+01
3.862942472708440E+01
3.830133332683921E+01
3.784975640329304E+01
3.727158875450539E+01
3.656340461392389E+01
3.572146171804141E+01
3.474171018772955E+01
3.361980775207498E+01
3.235114322957670E+01
3.093087064436247E+01
2.935395690442697E+01
2.761524661220290E+01
2.570954831748536E+01
2.363174735226545E+01
2.137695128480819E+01
1.894067495118947E+01
1.631907288596745E+01
1.350922764829270E+01
1.050950282395849E+01
7.319969083947790E+00
3.942910188699614E+00
3.834127095448359E-01
-3.349962163460249E+00
-7.244434782830608E+00
-1.128221338741682E+01
-1.543968921158281E+01
-1.968667944230505E+01
-2.398580063582194E+01
-2.829207910962748E+01
-3.255292443219381E+01
-3.670860063774111E+01
-4.069331889064018E+01
-4.443703696377427E+01
-4.786798029147285E+01
-5.091579874618012E+01
-5.351515507241186E+01
-5.560942815895310E+01
-5.715413679402538E+01
-5.811967501625199E+01
-5.849301363465844E+01
-5.827815790148473E+01
-5.749533074408343E+01
-5.617903269674758E+01
-5.437527230329866E+01
-5.213833672632738E+01
-4.952747503996466E+01
-4.660380915186101E+01
-4.342769404056893E+01
-4.005664638845756E+01
-3.654386947498529E+01
-3.293733412196291E+01
-2.927933371718306E+01
-2.560641300680101E+01
-2.194956954246750E+01
-1.833463692367514E+01
-1.478277472210777E+01
-1.131100715608721E+01
-7.932768665788275E+00
-4.658428227432809E+00
-1.495775106088986E+00
1.549543122919488E+00
4.473633691476021E+00
7.274022448852737E+00
9.949365520191304E+00
1.249920462854348E+01
1.492376129033327E+01
1.722376497496936E+01
1.940031050325223E+01
2.145474031632287E+01
2.338854768857565E+01
2.520329742621854E+01
2.690056105197863E+01
2.848186390505616E+01
2.994864197333488E+01
3.130220661824732E+01
3.254371565191681E+01
3.367414948403047E+01
3.469429127641520E+01
3.560471023113860E+01
3.640574729791032E+01
3.709750272327559E+01
3.767982498199437E+01
3.815230073424970E+01
3.851424554485394E+01
3.876469518617981E+01
3.890239742880835E+01
3.892580430656017E+01
3.883306492950521E+01
3.862201901385168E+01
3.829019140583821E+01
3.783478800299333E+01
3.725269362619738E+01
3.654047257653858E+01
3.569437282961002E+01
3.471033508526860E+01
3.358400821254136E+01
3.231077301762286E+01
3.088577672825592E+01
2.930398113996631E+01
2.756022801594132E+01
2.564932607503468E+01
2.356616473451263E+01
2.130586067356868E+01
1.886394420428828E+01
1.623659329681113E+01
1.342092377164306E+01
1.041534444030404E+01
7.219985548846526E+00
3.837207346169228E+00
2.721924213899197E-01
-3.466380029633867E+00
-7.365588378601705E+00
-1.140747383293725E+01
-1.556823595423263E+01
-1.981747820135427E+01
-2.411758686508809E+01
-2.842335061733862E+01
-3.268194727785069E+01
-3.683343243960287E+01
-4.081185295818231E+01
-4.454706899895793E+01
-4.796729672064136E+01
-5.100228226487838E+01
-5.358689926456874E+01
-5.566484994090798E+01
-5.719207387821911E+01
-5.813945630662068E+01
-5.849449362272789E+01
-5.826171118493152E+01
-5.746180859954401E+01
-5.612968884323556E+01
-5.431166846772190E+01
-5.206223982615929E+01
-4.944075685598762E+01
-4.650835690413916E+01
-4.332533713600987E+01
-3.994910153362786E+01
-3.643270385108512E+01
-3.282394462162645E+01
-2.916493933492407E+01
-2.549205720752188E+01
-2.183612960540910E+01
-1.822283768209936E+01
-1.467320464210012E+01
-1.120413522004919E+01
-7.828960989738849E+00
-4.557963721012672E+00
-1.398859776308546E+00
1.642763410531058E+00
4.563062034211233E+00
7.359601255796909E+00
1.003106827763611E+01
1.257702894161594E+01
1.499772305010067E+01
1.729389350170863E+01
1.946664452518294E+01
2.151732465558151E+01
2.344743054033581E+01
2.525852813121202E+01
2.695218827638802E+01
2.852993415435915E+01
2.999319837796702E+01
3.134328793886705E+01
3.258135546065051E+01
3.370837548545521E+01
3.472512473833687E+01
3.563216550058875E+01
3.642983138236213E+01
3.711821492100822E+01
3.769715654894759E+01
3.816623457773329E+01
3.852475593722638E+01
3.877174749420445E+01
3.890594785694633E+01
3.892579965508588E+01
3.882944237115451E+01
3.861470589587270E+01
3.827910508795776E+01
3.781983574611105E+01
3.723377255176950E+01
3.651746972283799E+01
3.566716533860541E+01
3.467879056303860E+01
3.354798531724870E+01
3.227012234244629E+01
3.084034206264429E+01
2.925360121141937E+01
2.750473883640406E+01
2.704158259331839E+01