-1.726404291136308E+01
-1.639322670514931E+01
-1.550953771350490E+01
-1.461369854763364E+01
-1.370644141235671E+01
-1.278850743063950E+01
-1.186064596140294E+01
-1.092361391140254E+01
-9.978175041997469E+00
-9.025099271829664E+00
-8.065161976200832E+00
-7.099143284036585E+00
-6.127827373314256E+00
-5.152001765818437E+00
-4.172456622075590E+00
-3.189984037306462E+00
-2.205377339222481E+00
-1.219430388479632E+00
-2.329368825907024E-01
7.533103359157788E-01
1.738519966314268E+00
2.721902930826829E+00
3.702673049211866E+00
4.680047706238183E+00
5.653248511309785E+00
6.621501949585546E+00
7.584040023980144E+00
8.540100887441632E+00
9.488929464928892E+00
1.042977806454022E+01
1.136190697727235E+01
1.228458506491714E+01
1.319709033563116E+01
1.409871050674139E+01
1.498874355437835E+01
1.586649824955569E+01
1.673129468034360E+01
1.758246475982819E+01
1.841935271951995E+01
1.924131558802506E+01
2.004772365462280E+01
2.083796091765057E+01
2.161142551744974E+01
2.236753015372205E+01
2.310570248716733E+01
2.382538552529620E+01
2.452603799233285E+01
2.520713468314536E+01
2.586816680116275E+01
2.650864228026025E+01
2.712808609061605E+01
2.772604052856497E+01
2.830206549049646E+01
2.885573873078687E+01
2.938665610394566E+01
2.989443179095448E+01
3.037869850994791E+01
3.083910771132760E+01
3.127532975742900E+01
3.168705408686956E+01
3.207398936371857E+01
3.243586361163911E+01
3.277242433316420E+01
3.308343861427957E+01
3.336869321449675E+01
3.362799464261071E+01
3.386116921834788E+01
3.406806312012032E+01
3.424854241911361E+01
3.440249309993648E+01
3.452982106807696E+01
3.463045214440890E+01
3.470433204698403E+01
3.475142636036725E+01
3.477172049274915E+01
3.476521962107680E+01
3.473194862443922E+01
3.467195200593726E+01
3.458529380326304E+01
3.447205748820772E+01
3.433234585531136E+01
3.416628089986270E+01
3.397400368545131E+01
3.375567420126882E+01
3.351147120935044E+01
3.324159208193506E+01
3.294625262915341E+01
3.262568691713841E+01
3.228014707685647E+01
3.190990310368920E+01
3.151524264798739E+01
3.109647079673708E+01
3.065390984647176E+01
3.018789906755952E+01
2.969879445998873E+01
2.918696850076996E+01
2.865280988306679E+01
2.809672324716285E+01
2.751912890336649E+01
2.692046254694977E+01
2.630117496521236E+01
2.566173173686333E+01
2.500261292370951E+01
2.432431275479344E+01
2.362733930319985E+01
2.291221415542500E+01
2.217947207351039E+01
2.142966064997468E+01
2.066333995557980E+01
1.988108217997033E+01
1.908347126522715E+01
1.827110253237945E+01
1.744458230092167E+01
1.660452750138412E+01
1.575156528100915E+01
1.488633260258687E+01
1.400947583650723E+01
1.312165034617480E+01
1.222352006670247E+01
1.131575707708078E+01
1.039904116587402E+01
9.474059390476121E+00
8.541505630046094E+00
7.602080132204185E+00
6.656489053578679E+00
5.705443994301906E+00
4.749661526562802E+00
3.789862717332072E+00
2.826772645384685E+00
1.861119912753204E+00
8.936361507541256E-01
-7.494447926185809E-02
-1.043885790276045E+00
-2.012450078866229E+00
-2.979898639251186E+00
-3.945492281853408E+00
-4.908491856181875E+00
-5.868158777816307E+00
-6.823755559238337E+00
-7.774546344253692E+00
-8.719797445733581E+00
-9.658777886387677E+00
-1.059075994226527E+01
-1.151501968866532E+01
-1.243083754812029E+01
-1.333749884010289E+01
-1.423429433208888E+01
-1.512052079159343E+01
-1.599548153878262E+01
-1.685848699923246E+01
-1.770885525643562E+01
-1.854591260354842E+01
-1.936899409399865E+01
-2.017744409039509E+01
-2.097061681128775E+01
-2.174787687526463E+01
-2.250859984185865E+01
-2.325217274872733E+01
-2.397799464455605E+01
-2.468547711712417E+01
-2.537404481596169E+01
-2.604313596901270E+01
-2.669220289271026E+01
-2.732071249485560E+01
-2.792814676968339E+01
-2.851400328453749E+01
-2.907779565747607E+01
-2.961905402517035E+01
-3.013732550057475E+01
-3.063217461958448E+01
-3.110318377613315E+01
-3.154995364508134E+01
-3.197210359225575E+01
-3.236927207100534E+01
-3.274111700464960E+01
-3.308731615420104E+01
-3.340756747075251E+01
-3.370158943192727E+01
-3.396912136179763E+01
-3.420992373368596E+01
-3.442377845526936E+01
-3.461048913552660E+01
-3.476988133285293E+01
-3.490180278391740E+01
-3.500612361280371E+01
-3.508273651986389E+01
-3.513155694990463E+01
-3.515252323927264E+01
-3.514559674143756E+01
-3.511076193070233E+01
-3.504802648370219E+01
-3.495742133838539E+01
-3.483900073019979E+01
-3.469284220524154E+01
-3.451904661015314E+01
-3.431773805858981E+01
-3.408906387410481E+01
-3.383319450941806E+01
-3.355032344187402E+01
-3.324066704519696E+01
-3.290446443745159E+01
-3.254197730531722E+01
-3.215348970473959E+01
-3.173930783809000E+01
-3.129975980800033E+01
-3.083519534808040E+01
-3.034598553076352E+01
-2.983252245256383E+01
-2.929521889706784E+01
-2.873450797602140E+01
-2.815084274891132E+01
-2.754469582147964E+01
-2.691655892364736E+01
-2.626694246733772E+01
-2.559637508471855E+01
-2.490540314762067E+01
-2.419459026835428E+01
-2.346451678298959E+01
-2.271577921752837E+01
-2.194898973769845E+01
-2.116477558311512E+01
-2.036377848656429E+01
-1.954665407917418E+01
-1.871407128225335E+01
-1.786671168658445E+01
-1.700526891997469E+01
-1.613044800387504E+01
-1.524296469989198E+01
-1.434354484702691E+01
-1.343292369024807E+01
-1.251184520176003E+01
-1.158106139519488E+01
-1.064133163442265E+01
-9.693421937296662E+00
-8.738104275644865E+00
-7.776155872376735E+00
-6.808358496564045E+00
-5.835497757342252E+00
-4.858362397467975E+00
-3.877743587356635E+00
-2.894434220412958E+00
-1.909228210455594E+00
-9.229197920258410E-01
6.369717564103006E-02
1.049829900214673E+00
2.034687342458282E+00
3.017480896701546E+00
3.997425064423211E+00
4.973738120514032E+00
5.945642771440029E+00
6.912366804680508E+00
7.873143728812559E+00
8.827213403641913E+00
9.773822659808253E+00
1.071222590732113E+01
1.164168573251091E+01
1.256147348290736E+01
1.347086983958640E+01
1.436916537655418E+01
1.525566110676530E+01
1.612966901440053E+01
1.699051257307438E+01
1.783752724961885E+01
1.867006099322132E+01
1.948747470956689E+01
2.028914271983752E+01
2.107445320431741E+01
2.184280863043230E+01
2.259362616507322E+01
2.332633807107910E+01
2.404039208777523E+01
2.473525179548808E+01
2.541039696398023E+01
2.606532388477223E+01
2.669954568734151E+01
2.731259263921160E+01
2.790401242996833E+01
2.847337043920720E+01
2.902024998854482E+01
2.954425257775201E+01
3.004499810505730E+01
3.052212507182118E+01
3.097529077165636E+01
3.140417146414391E+01
3.180846253330368E+01
3.218787863098540E+01
3.254215380535534E+01
3.287104161466147E+01
3.317431522646852E+01
3.345176750256243E+01
3.370321106973208E+01
3.392847837664429E+01
3.412742173703660E+01
3.429991335939415E+01
3.444584536342440E+01
3.456512978348744E+01
3.465769855921326E+01
3.472350351356719E+01
3.476251631856477E+01
3.477472844886715E+01
3.476015112348404E+01
3.471881523580863E+01
3.465077127220463E+01
3.455608921936270E+01
3.443485846063987E+01
3.428718766159204E+01
3.411320464490630E+01
3.391305625493644E+01
3.368690821204130E+01
3.343494495688977E+01
3.315736948496792E+01
3.285440317141511E+01
3.252628558639849E+01
3.217327430117420E+01
3.179564468500222E+01
3.139368969306896E+01
3.096771964556446E+01
3.051806199805548E+01
3.004506110328942E+01
2.954907796455763E+01
2.903048998074049E+01
2.848969068315066E+01
2.792708946428435E+01
2.734311129858431E+01
2.673819645531246E+01
2.611280020363058E+01
2.546739250997469E+01
2.480245772778972E+01
2.411849427974718E+01
2.341601433247047E+01
2.269554346386766E+01
2.195762032313546E+01
2.120279628349686E+01
2.043163508773433E+01
1.964471248657895E+01
1.884261587001503E+01
1.802594389155875E+01
1.719530608556830E+01
1.635132247764189E+01
1.549462318815905E+01
1.462584802901955E+01
1.374564609367002E+01
1.285467534043569E+01
1.195360216924145E+01
1.104310099182467E+01
1.012385379545593E+01
9.196549700280723E+00
8.261884510360021E+00
7.320560258495854E+00
6.373284744936513E+00
5.420771070064327E+00
4.463737161177312E+00
3.502905293484448E+00
2.539001605442623E+00
1.572755608571737E+00
6.048996918928105E-01
-3.638313788577359E-01
-1.332700967033521E+00
-2.300971075781148E+00
-3.267902863399201E+00
-4.232757163157991E+00
-5.194795007373264E+00
-6.153278155488350E+00
-7.107469625919169E+00
-8.056634231400846E+00
-9.000039117559163E+00
-9.234904767506277E+00