-4.059468388338293E+00
-4.060543671154655E+00
-4.061272098801683E+00
-4.062305871038763E+00
-4.063355631397269E+00
-4.064240756092243E+00
-4.065423213072784E+00
-4.066483014420540E+00
-4.067776781121463E+00
-4.068907024326923E+00
-4.069749713915940E+00
-4.070908685791868E+00
-4.071888219581209E+00
-4.072963676673096E+00
-4.073997524965971E+00
-4.074974884186755E+00
-4.076325001788145E+00
-4.077290376502691E+00
-4.078220199356458E+00
-4.079219382463192E+00
-4.080126778166447E+00
-4.081294117035836E+00
-4.082189690577369E+00
-4.083320212652788E+00
-4.084671148794320E+00
-4.085763667834922E+00
-4.086953236269658E+00
-4.087830437072081E+00
-4.088830761617394E+00
-4.089908997951380E+00
-4.090656663912449E+00
-4.091722761746367E+00
-4.092781504731954E+00
-4.093985203422926E+00
-4.095180767416333E+00
-4.096042587191500E+00
-4.097253963737640E+00
-4.098295174565113E+00
-4.099239003839926E+00
-4.100302164183482E+00
-4.101265161017478E+00
-4.102597859710987E+00
-4.103657781781536E+00
-4.104592468563959E+00
-4.105706961354569E+00
-4.106584449529496E+00
-4.107641003781196E+00
-4.108491955348496E+00
-4.109444728535658E+00
-4.110790763640098E+00
-4.111880318713666E+00
-4.113091181468218E+00
-4.114155762984461E+00
-4.115210802139686E+00
-4.116374445268874E+00
-4.117081110909255E+00
-4.118049081026862E+00
-4.119115973027597E+00
-4.120161544917202E+00
-4.121348846081769E+00
-4.122257402524808E+00
-4.123471233520632E+00
-4.124592368588156E+00
-4.125455737169142E+00
-4.126527788787938E+00
-4.127465802318697E+00
-4.128712729283704E+00
-4.129860984303660E+00
-4.130795492226835E+00
-4.132027334827988E+00
-4.133003171791183E+00
-4.133996458511633E+00
-4.134848478506790E+00
-4.135654232705321E+00
-4.136913223025371E+00
-4.137920961521404E+00
-4.139036599058000E+00
-4.140258268943475E+00
-4.141370423556622E+00
-4.142617127501066E+00
-4.143418629404773E+00
-4.144347124162203E+00
-4.145437402772460E+00
-4.146345884902078E+00
-4.147477200597083E+00
-4.148416344227932E+00
-4.149577639628897E+00
-4.150796598978372E+00
-4.151627391785650E+00
-4.152675186221129E+00
-4.153628468547923E+00
-4.154748631095179E+00
-4.155903587991653E+00
-4.156814631096315E+00
-4.158131690423624E+00
-4.159259040427016E+00
-4.160232720736177E+00
-4.161187240226935E+00
-4.161957404457159E+00
-4.163088346817735E+00
-4.164004429317838E+00
-4.164955184140827E+00
-4.166213634932977E+00
-4.167328946706513E+00
-4.168619473001336E+00
-4.169580020280293E+00
-4.170506408247100E+00
-4.171671979919575E+00
-4.172530036748163E+00
-4.173557351556619E+00
-4.174522261707778E+00
-4.175621047861990E+00
-4.176899804517239E+00
-4.177729615179816E+00
-4.178764415125347E+00
-4.179790222008249E+00
-4.180758863430653E+00
-4.181856210476532E+00
-4.182736762749974E+00
-4.184028070071226E+00
-4.185270463256357E+00
-4.186267036923579E+00
-4.187376620129153E+00
-4.188222674971062E+00
-4.189280669646603E+00
-4.190180753432329E+00
-4.190945515097262E+00
-4.192131634671241E+00
-4.193215079058041E+00
-4.194445494447675E+00
-4.195525812543561E+00
-4.196488902294562E+00
-4.197756991280076E+00
-4.198633359755104E+00
-4.199558287905527E+00
-4.200581029061161E+00
-4.201604591944844E+00
-4.202869782828731E+00
-4.203753026227343E+00
-4.204787612260475E+00
-4.205907594230791E+00
-4.206778382208209E+00
-4.207811363395901E+00
-4.208648710711238E+00
-4.209800918402581E+00
-4.211092534032679E+00
-4.212086771863114E+00
-4.213296538048068E+00
-4.214314850431609E+00
-4.215388038619355E+00
-4.216347463773549E+00
-4.217005798222451E+00
-4.218106073510773E+00
-4.219133450138192E+00
-4.220190392658588E+00
-4.221328388313386E+00
-4.222331375632374E+00
-4.223643576247936E+00
-4.224598616070206E+00
-4.225472602877227E+00
-4.226555483609630E+00
-4.227508068862785E+00
-4.228715886330928E+00
-4.229673535222474E+00
-4.230684610236919E+00
-4.231919418479522E+00
-4.232797369053769E+00
-4.233768773226293E+00
-4.234597907356447E+00
-4.235592048428274E+00
-4.236837265791442E+00
-4.237752454680999E+00
-4.238967913453439E+00
-4.240173608914055E+00
-4.241276317018591E+00
-4.242351867700852E+00
-4.243060569282965E+00
-4.244104511925380E+00
-4.245093905802487E+00
-4.245964023117512E+00
-4.247087686714896E+00
-4.248082900100060E+00
-4.249364364428264E+00
-4.250432765609728E+00
-4.251278244190339E+00
-4.252407317080886E+00
-4.253351239394401E+00
-4.254457329801077E+00
-4.255453533831862E+00
-4.256434259815166E+00
-4.257773350080751E+00
-4.258718245571468E+00
-4.259659415792920E+00
-4.260580684202103E+00
-4.261461385733330E+00
-4.262587897342095E+00
-4.263406970700169E+00
-4.264521267403047E+00
-4.265813201110238E+00
-4.266913250584618E+00
-4.268111785477918E+00
-4.268969408710231E+00
-4.270003078550554E+00
-4.271045403110635E+00
-4.271792079472577E+00
-4.272833700436950E+00
-4.273812541810959E+00
-4.275007110607329E+00
-4.276143959549120E+00
-4.276973129000872E+00
-4.278152394697555E+00
-4.279140940943667E+00
-4.280106524858195E+00
-4.281121549145441E+00
-4.282070819824528E+00
-4.283419507198508E+00
-4.284452346875193E+00
-4.285413157311270E+00
-4.286489357317836E+00
-4.287344528362151E+00
-4.288383159156530E+00
-4.289152892785951E+00
-4.290079537472189E+00
-4.291348456438350E+00
-4.292402007750524E+00
-4.293620113510014E+00
-4.294637899472732E+00
-4.295717525070794E+00
-4.296876680499764E+00
-4.297585407439557E+00
-4.298555959823599E+00
-4.299557857826454E+00
-4.300610222900036E+00
-4.301750523168553E+00
-4.302601705812550E+00
-4.303798427945331E+00
-4.304852570918509E+00
-4.305710002911402E+00
-4.306736103811895E+00
-4.307633374958374E+00
-4.308890845767321E+00
-4.310000933636742E+00
-4.310963872887652E+00
-4.312184436769652E+00
-4.313138245353859E+00
-4.314156729009849E+00
-4.314949028486207E+00
-4.315721398077900E+00
-4.316917864559445E+00
-4.317864257672248E+00
-4.318966302601345E+00
-4.320109841695458E+00
-4.321224551234288E+00
-4.322475777347474E+00
-4.323255909621285E+00
-4.324209065012029E+00
-4.325260577499945E+00
-4.326176276215899E+00
-4.327288826499731E+00
-4.328173087593427E+00
-4.329330119109660E+00
-4.330480972462688E+00
-4.331292862444371E+00
-4.332305706164265E+00
-4.333182225156980E+00
-4.334300808210994E+00
-4.335411434165676E+00
-4.336317017602537E+00
-4.337628867285759E+00
-4.338736153290135E+00
-4.339759832011364E+00
-4.340678077864876E+00
-4.341427380576824E+00
-4.342540042286915E+00
-4.343383210838043E+00
-4.344308380383705E+00
-4.345485372252877E+00
-4.346564729442927E+00
-4.347846770600198E+00
-4.348762075472957E+00
-4.349711973279961E+00
-4.350845893677203E+00
-4.351702898054687E+00
-4.352747506520171E+00
-4.353659429003353E+00
-4.354760857718827E+00
-4.356002409005169E+00
-4.356808218425588E+00
-4.357818702799110E+00
-4.358758567769886E+00
-4.359720848076604E+00
-4.360763332579576E+00
-4.361592056264175E+00
-4.362879028043457E+00
-4.364083984374197E+00
-4.365115160025316E+00
-4.366215169644456E+00
-4.367052299219122E+00
-4.368128334816582E+00
-4.368971822200842E+00
-4.369725136142510E+00
-4.370844561158738E+00
-4.371857720951852E+00
-4.373078197992715E+00
-4.374092589684438E+00
-4.375044740420347E+00
-4.376284868821267E+00
-4.377146399906517E+00
-4.378096287054255E+00
-4.379064060486908E+00
-4.380098503491765E+00
-4.381359702994018E+00
-4.382208737435977E+00
-4.383244817495090E+00
-4.384300284807501E+00
-4.385155392827544E+00
-4.386141184831862E+00
-4.386903294518463E+00
-4.388038455758922E+00
-4.389263118532001E+00
-4.390261036648721E+00
-4.391471544957394E+00
-4.392462158459396E+00
-4.393575185807449E+00
-4.394514323913829E+00
-4.395170481353762E+00
-4.396234763080067E+00
-4.397194490510740E+00
-4.398248356548508E+00
-4.399305524137286E+00
-4.400266386923219E+00
-4.401559402818684E+00
-4.402467446027496E+00
-4.403351580229129E+00
-4.404386895281102E+00
-4.405335961797149E+00
-4.406552123806646E+00
-4.407473689306415E+00
-4.408508725247056E+00
-4.409702130057973E+00
-4.410564532795822E+00
-4.411526277330339E+00
-4.412273343675783E+00
-4.413236971175990E+00
-4.414412832469480E+00
-4.415293190886905E+00
-4.416490841368078E+00
-4.417640416102253E+00
-4.418783622234778E+00
-4.419853957451994E+00
-4.420554032016778E+00
-4.421608192448359E+00
-4.422549818078778E+00
-4.423420673444440E+00
-4.424482472371195E+00
-4.425423092357180E+00
-4.426686825568019E+00
-4.427684239246967E+00
-4.428526088274345E+00
-4.429608424708436E+00
-4.430512631193637E+00
-4.431634036420220E+00
-4.432589057668806E+00
-4.433581440472381E+00
-4.434903289004605E+00
-4.435842138445762E+00
-4.436060316553796E+00