1.068410720964204E+00
1.068382320848166E+00
1.067547771758020E+00
1.066189828603043E+00
1.065135832527151E+00
1.064897264698252E+00
1.065138208856552E+00
1.065026638508125E+00
1.064097449298332E+00
1.062733371312572E+00
1.061769411955852E+00
1.061624960676160E+00
1.061866565152345E+00
1.061659895257330E+00
1.060636858647458E+00
1.059276254793725E+00
1.058408215108148E+00
1.058352619113900E+00
1.058585531975375E+00
1.058283537285417E+00
1.057178461004000E+00
1.055834744252325E+00
1.055064078089150E+00
1.055083060886533E+00
1.055288629947891E+00
1.054885059952437E+00
1.053709395292496E+00
1.052400374165689E+00
1.051735821321800E+00
1.051823701741495E+00
1.051989518990603E+00
1.051478273567029E+00
1.050237159936477E+00
1.048970593901268E+00
1.048411214803521E+00
1.048558090718104E+00
1.048676170729248E+00
1.048061556736528E+00
1.046770782380177E+00
1.045560433533471E+00
1.045103893743517E+00
1.045292196466322E+00
1.045345317174196E+00
1.044625015683246E+00
1.043297491795333E+00
1.042158666095921E+00
1.041808993203496E+00
1.042030108264070E+00
1.042009178421590E+00
1.041184318884892E+00
1.039828625242338E+00
1.038765699391342E+00
1.038515497317585E+00
1.038755523775730E+00
1.038654323615032E+00
1.037735110135241E+00
1.036370408438749E+00
1.035394146241108E+00
1.035236491780874E+00
1.035477341364487E+00
1.035282319502815E+00
1.034270782998262E+00
1.032910180310305E+00
1.032030325451953E+00
1.031963168449609E+00
1.032196493071842E+00
1.031904713996253E+00
1.030807720860703E+00
1.029460820792892E+00
1.028677457598806E+00
1.028687502256761E+00
1.028898128158240E+00
1.028507336442285E+00
1.027338784785442E+00
1.026024347120514E+00
1.025345112884116E+00
1.025422900220849E+00
1.025593713504086E+00
1.025095242207457E+00
1.023860776577699E+00
1.022589444574700E+00
1.022018155603206E+00
1.022157532094009E+00
1.022281011506269E+00
1.021677480291643E+00
1.020389739020137E+00
1.019171238977103E+00
1.018702559559971E+00
1.018885872875978E+00
1.018947413738825E+00
1.018240243870640E+00
1.016916273495702E+00
1.015767958712730E+00
1.015404242416891E+00
1.015619603883139E+00
1.015606383374361E+00
1.014793417891146E+00
1.013440818253199E+00
1.012369189923888E+00
1.012107244051441E+00
1.012344718909784E+00
1.012253075133763E+00
1.011343956515946E+00
1.009977864766890E+00
1.008989668445346E+00
1.008819939512914E+00
1.009060395518310E+00
1.008878198467251E+00
1.007878252840225E+00
1.006515756535782E+00
1.005623589742057E+00
1.005544704162946E+00
1.005777297813248E+00
1.005496351282403E+00
1.004408558510749E+00
1.003058271088310E+00
1.002263640246449E+00
1.002266042532088E+00
1.002479474655016E+00
1.002100020222321E+00
1.000938730173159E+00
9.996176959160579E-01
9.989246069514752E-01
9.989941967745704E-01
9.991692347430283E-01
9.986836938954905E-01
9.974575049779627E-01
9.961808508136338E-01
9.955964203017806E-01
9.957276540900294E-01
9.958550918184707E-01
9.952625662490586E-01
9.939800262594416E-01
9.927543239994373E-01
9.922736438929826E-01
9.924523307725481E-01
9.925214414844287E-01
9.918270539986974E-01
9.905064038560693E-01
9.893470827119250E-01
9.889694210791344E-01
9.891801248138068E-01
9.891751299773188E-01
9.883756111303235E-01
9.870267636716339E-01
9.859449422711929E-01
9.856709352106486E-01
9.859060638480769E-01
9.858222426067239E-01
9.849229115836680E-01
9.835569974861913E-01
9.825569336009058E-01
9.823764680130168E-01
9.826184868165211E-01
9.824473250395370E-01
9.814576009556915E-01
9.800937942911100E-01
9.791882980234269E-01
9.790973676317267E-01
9.793303379546479E-01
9.790600934284908E-01
9.779821012333242E-01
9.766305820249268E-01
9.758247556418084E-01
9.758179628235941E-01
9.760333996244914E-01
9.756640439148043E-01
9.745098443344126E-01
9.731838175754882E-01
9.724771627327203E-01
9.725388968442494E-01
9.727192125152285E-01
9.722463668805346E-01
9.710284780207344E-01
9.697460286785663E-01
9.691463950986501E-01
9.692690314417758E-01
9.694014763509222E-01
9.688202969759770E-01
9.675440432660919E-01
9.663124077141687E-01
9.658188066269358E-01
9.659924881925905E-01
9.660696485701807E-01
9.653859028135425E-01
9.640674187280978E-01
9.628984534114760E-01
9.625068158016160E-01
9.627137860850951E-01
9.627189978334486E-01
9.619318687573554E-01
9.605856848343793E-01
9.594943602877674E-01
9.592072274584839E-01
9.594384925165386E-01
9.593629079311903E-01
9.584734754841367E-01
9.571083091776879E-01
9.560987192022944E-01
9.559077714825117E-01
9.561498034474910E-01
9.559890967502120E-01
9.550086140972065E-01
9.536430637145228E-01
9.527248265916494E-01
9.526214438945019E-01
9.528551878916931E-01
9.525971797929121E-01
9.515294697276196E-01
9.501769302613375E-01
9.493594033562488E-01
9.493411488648803E-01
9.495578134155107E-01
9.491996967209033E-01
9.480523818157929E-01
9.467218075793689E-01
9.460034435868548E-01
9.460570044660080E-01
9.462425068494085E-01
9.457833247809150E-01
9.445716622997929E-01
9.432816029683073E-01
9.426679368815415E-01
9.427821313875274E-01
9.429197778807176E-01
9.423518727381063E-01
9.410820530385564E-01
9.398438718691120E-01
9.393383034683099E-01
9.395061622373301E-01
9.395892553229771E-01
9.389161002630320E-01
9.376001488256095E-01
9.364222811954559E-01
9.360186642503709E-01
9.362222385919581E-01
9.362369334442536E-01
9.354623529671120E-01
9.341182579152466E-01
9.330167172266961E-01
9.327162907475403E-01
9.329427521193624E-01
9.328758066290626E-01
9.319985567568816E-01
9.306349352554013E-01
9.296158796992751E-01
9.294145398216528E-01
9.296547453646942E-01
9.295035124326629E-01
9.285332888258333E-01
9.271653112920564E-01
9.262339944010073E-01
9.261201406712193E-01
9.263552080295470E-01
9.261095061754977E-01
9.250532263661180E-01
9.236981466446830E-01
9.228667469006412E-01
9.228377474399989E-01
9.230556099304930E-01
9.227081793252135E-01
9.215694565292690E-01
9.202351170225903E-01
9.195048808948356E-01
9.195513088730199E-01
9.197412772791627E-01
9.192934881110605E-01
9.180876237226444E-01
9.167901719687060E-01
9.161626805820688E-01
9.162697029902704E-01
9.164129857045327E-01
9.158581751400162E-01
9.145956469471128E-01
9.133506290000321E-01
9.128318250443109E-01
9.129930631318158E-01
9.130806493664048E-01
9.124183021855589E-01
9.111072646095772E-01
9.099210501785846E-01
9.095052996690427E-01
9.097060607791801E-01
9.097290873229358E-01
9.089660112489512E-01
9.076246542841878E-01
9.065116767654005E-01
9.061965449596810E-01
9.064201830558105E-01
9.063631443551602E-01
9.054979684757118E-01
9.041372182998133E-01
9.031078845010229E-01
9.028939111552682E-01
9.031326623799385E-01
9.029907176845576E-01
9.020295782294112E-01
9.006602317172734E-01
8.997171909354027E-01
8.995932689939254E-01
8.998305605051576E-01
8.995968832413763E-01
8.985502204668315E-01
8.971921247107638E-01
8.963468374445962E-01
8.963066548702140E-01
8.965264681594038E-01
8.961901335134856E-01
8.950605847519421E-01
8.937243610082277E-01
8.929820367378255E-01
8.930197818128972E-01
8.932135467606128E-01
8.927758477212948E-01
8.915757127624524E-01
8.902729369009714E-01
8.896320884186049E-01
8.897315151077538E-01
8.898818136664087E-01
8.893403954392739E-01
8.880840252249778E-01
8.868324321121103E-01
8.862991499012588E-01
8.864517972474634E-01
8.865456629890371E-01
8.858957508241715E-01
8.845895864794430E-01
8.833963957394450E-01
8.829685180820130E-01
8.831648982765701E-01
8.831963173264714E-01
8.824444208479207E-01
8.811042772328089E-01
8.799803291801404E-01
8.796520029440718E-01
8.798733017597203E-01
8.798272115146331E-01
8.789744374890848E-01
8.776152275477934E-01
8.765754130912448E-01
8.763483650682602E-01
8.765844414339403E-01
8.764520430649089E-01
8.755003348660516E-01
8.741305688633917E-01
8.731779507412663E-01
8.730438887571029E-01
8.732818609671206E-01
8.730597114195899E-01
8.720217568705598E-01
8.706599222150623E-01
8.698019630434215E-01
8.697506547979582E-01
8.699715527010951E-01
8.696483825553100E-01
8.685293075726829E-01
8.671898928708845E-01
8.664353683314610E-01
8.664631282388927E-01
8.666583709466997E-01
8.662319710004981E-01
8.650391065074287E-01
8.637306000420597E-01
8.630772769169686E-01
8.631700524154284E-01
8.633264896669065E-01
8.632735825287267E-01