-7.551118436250294E+08
-7.547979970571849E+08
-7.544825454382007E+08
-7.541655432936945E+08
-7.538469970674049E+08
-7.535269162911723E+08
-7.532052047149363E+08
-7.528819806775619E+08
-7.525570189305266E+08
-7.522304766558756E+08
-7.519023680287241E+08
-7.515727437529387E+08
-7.512415636946917E+08
-7.509087502429957E+08
-7.505744041199927E+08
-7.502382969157970E+08
-7.499005826581044E+08
-7.495612530026653E+08
-7.492204187286670E+08
-7.488780113914266E+08
-7.485339971719567E+08
-7.481884667320966E+08
-7.478412120890126E+08
-7.474923766226897E+08
-7.471419308596904E+08
-7.467900277835556E+08
-7.464365566847204E+08
-7.460815096081516E+08
-7.457249393217814E+08
-7.453666521525199E+08
-7.450067574465599E+08
-7.446452059359704E+08
-7.442821857408273E+08
-7.439175593197213E+08
-7.435513598527269E+08
-7.431836169724143E+08
-7.428141824556499E+08
-7.424431417328814E+08
-7.420704488942496E+08
-7.416963247154123E+08
-7.413206141458567E+08
-7.409433815137606E+08
-7.405646172917275E+08
-7.401842077848480E+08
-7.398021862354108E+08
-7.394184982068024E+08
-7.390333682045469E+08
-7.386466231767988E+08
-7.382583494075898E+08
-7.378685027572944E+08
-7.374770201223249E+08
-7.370838946117830E+08
-7.366890912284665E+08
-7.362928462827983E+08
-7.358949986669085E+08
-7.354956622559432E+08
-7.350947676038303E+08
-7.346923018929846E+08
-7.342882065665618E+08
-7.338824567735119E+08
-7.334752686686833E+08
-7.330664842836968E+08
-7.326562167702525E+08
-7.322443618750635E+08
-7.318309464416307E+08
-7.314158597954082E+08
-7.309990979681547E+08
-7.305808589760542E+08
-7.301610180055739E+08
-7.297396986872802E+08
-7.293167900015202E+08
-7.288923705330608E+08
-7.284662925481251E+08
-7.280385786811861E+08
-7.276093951585329E+08
-7.271786491702724E+08
-7.267464480422897E+08
-7.263126628410602E+08
-7.258773957714481E+08
-7.254404507138283E+08
-7.250018630747650E+08
-7.245617535719725E+08
-7.241200707407564E+08
-7.236769053423126E+08
-7.232321354967308E+08
-7.227858970194666E+08
-7.223379759976335E+08
-7.218884373893626E+08
-7.214373674619747E+08
-7.209847704986607E+08
-7.205307143332840E+08
-7.200750873384960E+08
-7.196180347463336E+08
-7.191593180989641E+08
-7.186990061388469E+08
-7.182371291889491E+08
-7.177737327346095E+08
-7.173088447190642E+08
-7.168423684042728E+08
-7.163744505622011E+08
-7.159048519229916E+08
-7.154336549759278E+08
-7.149608561354421E+08
-7.144865621747085E+08
-7.140107766692841E+08
-7.135334387249866E+08
-7.130546921194409E+08
-7.125743087698925E+08
-7.120923679459773E+08
-7.116088215110897E+08
-7.111238141091566E+08
-7.106373038986900E+08
-7.101492516513373E+08
-7.096597725695845E+08
-7.091686532471849E+08
-7.086759591409917E+08
-7.081816102787375E+08
-7.076857949721949E+08
-7.071884467950741E+08
-7.066895719661052E+08
-7.061892693452170E+08
-7.056873689733723E+08
-7.051839253572189E+08
-7.046788393953191E+08
-7.041723296948171E+08
-7.036642996355715E+08
-7.031547844070389E+08
-7.026438405194347E+08
-7.021313302802693E+08
-7.016172709222008E+08
-7.011015399297395E+08
-7.005843673600361E+08
-7.000656346929786E+08
-6.995454119181929E+08
-6.990237248435651E+08
-6.985004942446830E+08
-6.979757148765496E+08
-6.974492704255338E+08
-6.969214051747609E+08
-6.963919975228095E+08
-6.958611490517075E+08
-6.953288485933045E+08
-6.947950662794662E+08
-6.942597522409263E+08
-6.937227850641036E+08
-6.931843896211194E+08
-6.926444345192986E+08
-6.921030339887980E+08
-6.915601377214386E+08
-6.910157686913364E+08
-6.904698413147382E+08
-6.899222537523386E+08
-6.893732188619516E+08
-6.888226273636122E+08
-6.882706162725387E+08
-6.877171153191919E+08
-6.871622045548505E+08
-6.866057632134616E+08
-6.860477070887241E+08
-6.854882108467095E+08
-6.849271786805471E+08
-6.843647400256735E+08
-6.838007923525697E+08
-6.832354509211023E+08
-6.826685540753031E+08
-6.821000370790442E+08
-6.815300324742178E+08
-6.809584796559205E+08
-6.803855086787670E+08
-6.798110145413096E+08
-6.792351596458657E+08
-6.786577657278922E+08
-6.780788012032598E+08
-6.774983545123410E+08
-6.769164043811606E+08
-6.763330618541341E+08
-6.757482129409579E+08
-6.751620364670581E+08
-6.745743258633724E+08
-6.739850631484152E+08
-6.733942748296012E+08
-6.728019760221629E+08
-6.722082509956203E+08
-6.716129945423952E+08
-6.710164042546834E+08
-6.704182751608022E+08
-6.698186207550694E+08
-6.692174252234311E+08
-6.686147578585396E+08
-6.680106800150754E+08
-6.674051068575441E+08
-6.667982366388628E+08
-6.661898653545592E+08
-6.655800150433897E+08
-6.649686098828316E+08
-6.643557514609144E+08
-6.637414570424935E+08
-6.631256578026739E+08
-6.625085351382662E+08
-6.618899006212602E+08
-6.612697881372517E+08
-6.606480838606052E+08
-6.600249371574024E+08
-6.594003412775866E+08
-6.587742683957820E+08
-6.581468863400123E+08
-6.575180414192866E+08
-6.568877715702962E+08
-6.562559254640012E+08
-6.556226784739519E+08
-6.549879827634860E+08
-6.543518342748015E+08
-6.537143582634577E+08
-6.530754297386601E+08
-6.524350725994267E+08
-6.517931053838661E+08
-6.511497245799431E+08
-6.505048578026096E+08
-6.498585432791200E+08
-6.492108777596132E+08
-6.485617937627361E+08
-6.479113116219398E+08
-6.472592435340889E+08
-6.466058007460387E+08
-6.459508905025923E+08
-6.452945814546790E+08
-6.446369220828978E+08
-6.439778880122753E+08
-6.433174690517088E+08
-6.426554638285617E+08
-6.419920711703839E+08
-6.413271784047408E+08
-6.406608797636307E+08
-6.399931821586466E+08
-6.393241206724303E+08
-6.386536690400984E+08
-6.379816446059227E+08
-6.373082411535004E+08
-6.366333522313877E+08
-6.359571013176239E+08
-6.352794590328274E+08
-6.346005139163474E+08
-6.339202093657774E+08
-6.332383740558035E+08
-6.325551642168258E+08
-6.318704692107292E+08
-6.311844155797174E+08
-6.304969302312266E+08
-6.298081451037570E+08
-6.291179755027359E+08
-6.284262791892380E+08
-6.277331801219828E+08
-6.270385931276792E+08
-6.263426594586929E+08
-6.256452892311157E+08
-6.249466652023827E+08
-6.242466855376234E+08
-6.235452432906482E+08
-6.228424144952551E+08
-6.221381341388434E+08
-6.214325298027275E+08
-6.207254835036969E+08
-6.200171989263866E+08
-6.193075458293014E+08
-6.185964450261006E+08
-6.178839157548463E+08
-6.171699244430388E+08
-6.164545873449198E+08
-6.157377861826334E+08
-6.150197543362510E+08
-6.143003613657935E+08
-6.135795743251833E+08
-6.128573662002797E+08
-6.121337451066893E+08
-6.114088057415104E+08
-6.106824306900772E+08
-6.099548543411226E+08
-6.092259354200047E+08
-6.084956641144805E+08
-6.077639490597996E+08
-6.070308268521221E+08
-6.062963556208574E+08
-6.055604279966006E+08
-6.048232728945721E+08
-6.040847618209047E+08
-6.033449220451703E+08
-6.026036231801429E+08
-6.018609493768009E+08
-6.011169347785416E+08
-6.003715016569350E+08
-5.996248640502356E+08
-5.988769119620705E+08
-5.981276915452875E+08
-5.973770236187512E+08
-5.966250154123038E+08
-5.958716548549771E+08
-5.951168826271293E+08
-5.943608734163572E+08
-5.936035391142228E+08
-5.928449383414729E+08
-5.920848621027696E+08
-5.913234493429776E+08
-5.905606625666296E+08
-5.897964863541610E+08
-5.890310662801330E+08
-5.882643596138787E+08
-5.874964376012520E+08
-5.867270741013970E+08
-5.859564238448640E+08
-5.851844140651419E+08
-5.844110565260384E+08
-5.836364404840596E+08
-5.828605548602660E+08
-5.820834583632474E+08
-5.813049094074762E+08
-5.805250639113179E+08
-5.797438238159589E+08
-5.789612381509364E+08
-5.781773534707776E+08
-5.773922147129737E+08
-5.766058814878210E+08
-5.758181282120223E+08
-5.750291136674740E+08
-5.742387287297204E+08
-5.734470543398812E+08
-5.726540851630287E+08
-5.718599078121674E+08
-5.710645573509667E+08
-5.702678158329664E+08
-5.694698139025568E+08
-5.686704253075132E+08
-5.678697476347407E+08
-5.670677252942848E+08
-5.662644908286850E+08
-5.654600639591447E+08
-5.646542637746346E+08
-5.638472028127136E+08
-5.630387679302248E+08
-5.622290823569844E+08
-5.614180575762565E+08
-5.606058708197268E+08
-5.597925207618401E+08
-5.589778612552804E+08
-5.581619605982909E+08
-5.573447081653572E+08
-5.565262228201519E+08
-5.557063733529407E+08
-5.548853602850015E+08
-5.540631551707783E+08
-5.532396538218448E+08
-5.524148818636998E+08
-5.515887549659262E+08
-5.507613973008361E+08
-5.499326664750028E+08
-5.491027957578257E+08
-5.482717481497629E+08
-5.474394738043381E+08
-5.466059529009455E+08
-5.457711281030939E+08
-5.449351061699439E+08
-5.440977268988590E+08
-5.432592237895266E+08
-5.424195362365599E+08
-5.415786517653630E+08
-5.407364924697099E+08
-5.398930284706271E+08
-5.396819676558558E+08