1.079960529004681E+06
1.079531639242061E+06
1.079101140788719E+06
1.078669026301458E+06
1.078235288427039E+06
1.077799919811311E+06
1.077362913109265E+06
1.076924260996049E+06
1.076483956179081E+06
1.076041991411343E+06
1.075598359505962E+06
1.075153053352236E+06
1.074706065933226E+06
1.074257390345064E+06
1.073807019818112E+06
1.073354947740140E+06
1.072901167681600E+06
1.072445673423128E+06
1.071988458985259E+06
1.071529518660313E+06
1.071068847046249E+06
1.070606439082093E+06
1.070142290084507E+06
1.069676395784003E+06
1.069208752360260E+06
1.068739356474127E+06
1.068268205293959E+06
1.067795296513430E+06
1.067320628357142E+06
1.066844199569805E+06
1.066366009384444E+06
1.065886057465346E+06
1.065404343822152E+06
1.064920868693023E+06
1.064435632396976E+06
1.063948635158718E+06
1.063459876913457E+06
1.062969357103247E+06
1.062477074479160E+06
1.061983026923488E+06
1.061487211312466E+06
1.060989623427974E+06
1.060490257927913E+06
1.059989108378021E+06
1.059486167339932E+06
1.058981426504930E+06
1.058474876859843E+06
1.057966508870475E+06
1.057456312668604E+06
1.056944278230504E+06
1.056430395537914E+06
1.055914654716002E+06
1.055397046146846E+06
1.054877560558835E+06
1.054356189091030E+06
1.053832923338962E+06
1.053307755382590E+06
1.052780677800550E+06
1.052251683673653E+06
1.051720766580384E+06
1.051187920586646E+06
1.050653140231636E+06
1.050116420511296E+06
1.049577756860491E+06
1.049037145134758E+06
1.048494581592200E+06
1.047950062875968E+06
1.047403585997564E+06
1.046855148321166E+06
1.046304747549075E+06
1.045752381708231E+06
1.045198049137881E+06
1.044641748478307E+06
1.044083478660566E+06
1.043523238897198E+06
1.042961028673807E+06
1.042396847741473E+06
1.041830696109914E+06
1.041262574041350E+06
1.040692482045001E+06
1.040120420872182E+06
1.039546391511957E+06
1.038970395187305E+06
1.038392433351782E+06
1.037812507686662E+06
1.037230620098538E+06
1.036646772717387E+06
1.036060967895111E+06
1.035473208204548E+06
1.034883496439001E+06
1.034291835612299E+06
1.033698228959442E+06
1.033102679937879E+06
1.032505192229480E+06
1.031905769743282E+06
1.031304416619084E+06
1.030701137232008E+06
1.030095936198119E+06
1.029488818381242E+06
1.028879788901101E+06
1.028268853142935E+06
1.027656016768744E+06
1.027041285730274E+06
1.026424666284009E+06
1.025806165008115E+06
1.025185788821567E+06
1.024563545005452E+06
1.023939441226364E+06
1.023313485561701E+06
1.022685686526505E+06
1.022056053101223E+06
1.021424594759441E+06
1.020791321494215E+06
1.020156243841147E+06
1.019519372895802E+06
1.018880720322441E+06
1.018240298350368E+06
1.017598119753894E+06
1.016954197810060E+06
1.016308546233949E+06
1.015661179081641E+06
1.015012110623708E+06
1.014361355188614E+06
1.013708926978261E+06
1.013054839863466E+06
1.012399107171338E+06
1.011741741479261E+06
1.011082754431327E+06
1.010422156592549E+06
1.009759957353773E+06
1.009096164895964E+06
1.008430786216173E+06
1.007763827208975E+06
1.007095292791429E+06
1.006425187064102E+06
1.005753513486034E+06
1.005080275053755E+06
1.004405474471500E+06
1.003729114304025E+06
1.003051197106732E+06
1.002371725530937E+06
1.001690702404484E+06
1.001008130789466E+06
1.000324014019815E+06
9.996383557220108E+05
9.989511598221862E+05
9.982624305427480E+05
9.975721723911824E+05
9.968803901432757E+05
9.961870888226258E+05
9.954922736780402E+05
9.947959501597155E+05
9.940981238951930E+05
9.933988006656371E+05
9.926979863828542E+05
9.919956870673201E+05
9.912919088273861E+05
9.905866578397466E+05
9.898799403311991E+05
9.891717625616858E+05
9.884621308085795E+05
9.877510513521617E+05
9.870385304622350E+05
9.863245743858044E+05
9.856091893357609E+05
9.848923814805039E+05
9.841741569344579E+05
9.834545217494140E+05
9.827334819066667E+05
9.820110433098986E+05
9.812872117787892E+05
9.805619930433190E+05
9.798353927387565E+05
9.791074164013165E+05
9.783780694644953E+05
9.776473572560824E+05
9.769152849958721E+05
9.761818577940976E+05
9.754470806506202E+05
9.747109584549202E+05
9.739734959869428E+05
9.732346979188623E+05
9.724945688178474E+05
9.717531131498994E+05
9.710103352848877E+05
9.702662395028777E+05
9.695208300018786E+05
9.687741109071549E+05
9.680260862822434E+05
9.672767601418274E+05
9.665261364666179E+05
9.657742192203888E+05
9.650210123692909E+05
9.642665199035332E+05
9.635107458614530E+05
9.627536943559123E+05
9.619953696028208E+05
9.612357759513776E+05
9.604749179156013E+05
9.597128002056044E+05
9.589494277580830E+05
9.581848057635587E+05
9.574189396879748E+05
9.566518352857679E+05
9.558834986007207E+05
9.551139359503083E+05
9.543431538890252E+05
9.535711591464009E+05
9.527979585362275E+05
9.520235588349993E+05
9.512479666298800E+05
9.504711881397010E+05
9.496932290167516E+05
9.489140941411419E+05
9.481337874221031E+05
9.473523116206283E+05
9.465696682136512E+05
9.457858573080924E+05
9.450008776140985E+05
9.442147264798036E+05
9.434273999820467E+05
9.426388930622508E+05
9.418491996937630E+05
9.410583130660434E+05
9.402662257718113E+05
9.394729299852990E+05
9.386784176227441E+05
9.378826804798811E+05
9.370857103450783E+05
9.362874990886104E+05
9.354880387273115E+05
9.346873214709692E+05
9.338853397512821E+05
9.330820862374729E+05
9.322775538415010E+05
9.314717357155753E+05
9.306646252442109E+05
9.298562160326559E+05
9.290465018931301E+05
9.282354768299905E+05
9.274231350246406E+05
9.266094708207704E+05
9.257944787103131E+05
9.249781533203787E+05
9.241604894013356E+05
9.233414818161324E+05
9.225211255308014E+05
9.216994156062275E+05
9.208763471910676E+05
9.200519155157856E+05
9.192261158877313E+05
9.183989436871907E+05
9.175703943643332E+05
9.167404634369923E+05
9.159091464892072E+05
9.150764391704774E+05
9.142423371956699E+05
9.134068363455395E+05
9.125699324678257E+05
9.117316214788947E+05
9.108918993659080E+05
9.100507621895000E+05
9.092082060869632E+05
9.083642272759372E+05
9.075188220586190E+05
9.066719868265076E+05
9.058237180657160E+05
9.049740123628890E+05
9.041228664117752E+05
9.032702770205154E+05
9.024162411197175E+05
9.015607557714056E+05
9.007038181789378E+05
8.998454256980040E+05
8.989855758488274E+05
8.981242663297001E+05
8.972614950320015E+05
8.963972600568503E+05
8.955315597334993E+05
8.946643926397342E+05
8.937957576242205E+05
8.929256538310164E+05
8.920540807262539E+05
8.911810381268761E+05
8.903065262312400E+05
8.894305456512073E+05
8.885530974450890E+05
8.876741831504602E+05
8.867938048154502E+05
8.859119650266166E+05
8.850286669309621E+05
8.841439142490287E+05
8.832577112753326E+05
8.823700628621072E+05
8.814809743804790E+05
8.805904516589898E+05
8.796985008894720E+05
8.788051285034030E+05
8.779103410182378E+05
8.770141448561648E+05
8.761165461433255E+05
8.752175505017032E+05
8.743171628485390E+05
8.734153872191593E+05
8.725122266284132E+05
8.716076829834192E+05
8.707017570559321E+05
8.697944485162225E+05
8.688857560218803E+05
8.679756773493066E+05
8.670642095603489E+05
8.661513491818437E+05
8.652370923883829E+05
8.643214351755662E+05
8.634043735153655E+05
8.624859034885033E+05
8.615660213918549E+05
8.606447238211766E+05
8.597220077310151E+05
8.587978704745984E+05
8.578723098269573E+05
8.569453239945737E+05
8.560169116146194E+05
8.550870717464484E+05
8.541558038575373E+05
8.532231078057338E+05
8.522889838193547E+05
8.513534324760397E+05
8.504164546813188E+05
8.494780516474268E+05
8.485382248727726E+05
8.475969761223245E+05
8.466543074090662E+05
8.457102209766074E+05
8.447647192829703E+05
8.438178049855389E+05
8.428694809271308E+05
8.419197501231352E+05
8.409686157496555E+05
8.400160811325931E+05
8.390621497375977E+05
8.381068251608221E+05
8.371501111204315E+05
8.361920114488009E+05
8.352325300853637E+05
8.342716710700666E+05
8.333094385374030E+05
8.323458367109962E+05
8.313808698987203E+05
8.304145424883453E+05
8.294468589437080E+05
8.284778238014175E+05
8.275074416681060E+05
8.265357172182539E+05
8.255626551926226E+05
8.245882603973347E+05
8.236125377036605E+05
8.226354920485729E+05
8.216571284361494E+05
8.206774519399025E+05
8.196964677061542E+05
8.187141809585566E+05
8.177305970038855E+05
8.167457212392524E+05
8.157595591608775E+05
8.147721163745786E+05
8.145250562357379E+05