4.052137378979608E+00
4.057190729265822E+00
4.062264061982889E+00
4.067257439615084E+00
4.072228619563544E+00
4.076911569028092E+00
4.081475264726867E+00
4.085906020914829E+00
4.090210612550418E+00
4.094414453054008E+00
4.098558011772801E+00
4.102704003107685E+00
4.107086954190869E+00
4.111624031129149E+00
4.116290917499100E+00
4.121176605868218E+00
4.126152123525613E+00
4.131281571700137E+00
4.136352605888995E+00
4.141290081242860E+00
4.146131772338624E+00
4.150907656332114E+00
4.155446510194409E+00
4.159877106850273E+00
4.164073015917314E+00
4.168245987329555E+00
4.172442874950292E+00
4.176631576572639E+00
4.180922439104792E+00
4.185418453478441E+00
4.190113898508527E+00
4.195040499926783E+00
4.200045658922194E+00
4.205019056853317E+00
4.210102060764614E+00
4.215071158436775E+00
4.219942445395239E+00
4.224607332424831E+00
4.229103981509354E+00
4.233490374948247E+00
4.237800328382114E+00
4.241888136687665E+00
4.246015192237842E+00
4.250184828784208E+00
4.254518206303946E+00
4.259055442478658E+00
4.263700805651998E+00
4.268541388869671E+00
4.273566595234890E+00
4.278620984745531E+00
4.283630150454253E+00
4.288563675296891E+00
4.293323115176179E+00
4.298075237991648E+00
4.302574289299747E+00
4.306891114707446E+00
4.311083184975673E+00
4.315231305361497E+00
4.319360751981592E+00
4.323559926489483E+00
4.327780816145035E+00
4.332286729997533E+00
4.337018496246371E+00
4.341863703950049E+00
4.346841337731921E+00
4.351815836776466E+00
4.356826887744165E+00
4.361792299153099E+00
4.366574956694524E+00
4.371159506052164E+00
4.375669884525158E+00
4.379970504526353E+00
4.384224988227955E+00
4.388292399965506E+00
4.392342168482979E+00
4.396527797649882E+00
4.400864271960602E+00
4.405318815102750E+00
4.409991661023842E+00
4.414801485816905E+00
4.419802651609154E+00
4.424853092387224E+00
4.429758739599462E+00
4.434655427278988E+00
4.439425662410089E+00
4.444068703960031E+00
4.448526324079751E+00
4.452791687092761E+00
4.456914298377061E+00
4.461083401191484E+00
4.465136903563003E+00
4.469286925668549E+00
4.473539390404961E+00
4.478006037031795E+00
4.482733044970574E+00
4.487579699545171E+00
4.492462413375170E+00
4.497459737295971E+00
4.502439995314213E+00
4.507320181367740E+00
4.512076350255572E+00
4.516582315367682E+00
4.521052588849738E+00
4.525353781002998E+00
4.529488692738077E+00
4.533524148954965E+00
4.537589103527818E+00
4.541713432295445E+00
4.546066039808665E+00
4.550477625711494E+00
4.555117721378299E+00
4.559970036279561E+00
4.564915594963988E+00
4.569905806005862E+00
4.574810025481179E+00
4.579613243873595E+00
4.584377530908923E+00
4.588976622249120E+00
4.593317796347819E+00
4.597572652456879E+00
4.601657053097190E+00
4.605768485751385E+00
4.609818119578255E+00
4.613891173072403E+00
4.618142244057120E+00
4.622657322415779E+00
4.627298136562034E+00
4.632137436937848E+00
4.637001890515424E+00
4.641945431259990E+00
4.646923594022732E+00
4.651723027597821E+00
4.656390697005266E+00
4.660908014796040E+00
4.665287431351705E+00
4.669541450318508E+00
4.673643024061623E+00
4.677581455905546E+00
4.681664588675372E+00
4.685777905828669E+00
4.690057314630753E+00
4.694479691694786E+00
4.699093013161583E+00
4.703921988179735E+00
4.708882445864951E+00
4.713754474263061E+00
4.718634029024381E+00
4.723431912452110E+00
4.728100581485278E+00
4.732655023407835E+00
4.736933218239738E+00
4.741107041468961E+00
4.745208453687272E+00
4.749237069249540E+00
4.753226898348430E+00
4.757318032503717E+00
4.761512454443193E+00
4.766042566153136E+00
4.770671423943391E+00
4.775424137141493E+00
4.780299780490280E+00
4.785224260457484E+00
4.790115092213371E+00
4.794895834797743E+00
4.799461059256054E+00
4.803947597931466E+00
4.808317406422599E+00
4.812450161276178E+00
4.816508644963407E+00
4.820440697230366E+00
4.824458634683642E+00
4.828584222368324E+00
4.832814827074471E+00
4.837191336200320E+00
4.841855387490834E+00
4.846623001855287E+00
4.851547867969222E+00
4.856398584468463E+00
4.861191353194553E+00
4.865980278727633E+00
4.870615383770357E+00
4.875041870173003E+00
4.879309064618025E+00
4.883425858534318E+00
4.887477515759768E+00
4.891493549463325E+00
4.895389651867581E+00
4.899476116577651E+00
4.903708659386842E+00
4.908165690127690E+00
4.912786674374782E+00
4.917523441723956E+00
4.922339581261207E+00
4.927286074915592E+00
4.932086367228460E+00
4.936793374706723E+00
4.941350108957698E+00
4.945755632059395E+00
4.950079307139095E+00
4.954176617922256E+00
4.958119071871735E+00
4.962068265992702E+00
4.966066479501030E+00
4.970119937004478E+00
4.974358108033630E+00
4.978693296829428E+00
4.983352848455979E+00
4.988134865620828E+00
4.992954968364975E+00
4.997773247841127E+00
5.002567216434620E+00
5.007255794211838E+00
5.011866893065363E+00
5.016207095392108E+00
5.020397584085313E+00
5.024518311543553E+00
5.028490073476210E+00
5.032438296821176E+00
5.036336387513246E+00
5.040353388490510E+00
5.044607571784987E+00
5.049054331983929E+00
5.053582528884420E+00
5.058338272806090E+00
5.063125492100998E+00
5.068008332054767E+00
5.072778902983119E+00
5.077384802352516E+00
5.081898938192598E+00
5.086303806962739E+00
5.090493019359024E+00
5.094552123295209E+00
5.098457175336565E+00
5.102340810079408E+00
5.106344979996659E+00
5.110339958647770E+00
5.114524048969347E+00
5.118901004051111E+00
5.123505748316532E+00
5.128259565721634E+00
5.133059419963609E+00
5.137775210102175E+00
5.142576861890532E+00
5.147219064182008E+00
5.151715018409473E+00
5.156022517880631E+00
5.160152930249767E+00
5.164214416932612E+00
5.168176751532688E+00
5.172006262254239E+00
5.175895711000016E+00
5.179932710061561E+00
5.184118497295823E+00
5.188562321698397E+00
5.193061828786447E+00
5.197763840534094E+00
5.202575391805505E+00
5.207379132219986E+00
5.212069895939010E+00
5.216667822613864E+00
5.221085883690914E+00
5.225466852584211E+00
5.229599928141517E+00
5.233543298244244E+00
5.237446468027260E+00
5.241310344441986E+00
5.245235299543337E+00
5.249236278867405E+00
5.253361384117563E+00
5.257742972534284E+00
5.262368672156206E+00
5.267021522373454E+00
5.271798541275568E+00
5.276502377170246E+00
5.281220624743632E+00
5.285840136012268E+00
5.290253450913462E+00
5.294468108490809E+00
5.298610603141721E+00
5.302578209940358E+00
5.306486559443460E+00
5.310289188835156E+00
5.314106137204395E+00
5.318161460118824E+00
5.322341494328922E+00
5.326690281736386E+00
5.331210734039467E+00
5.335883269747766E+00
5.340644301754631E+00
5.345428400812571E+00
5.350005071904365E+00
5.354570922690473E+00
5.358976003867481E+00
5.363237566736198E+00
5.367320028746228E+00
5.371218880502830E+00
5.375037571628107E+00
5.378918647713551E+00
5.382764153559068E+00
5.386713594790283E+00
5.390861785965339E+00
5.395195619404488E+00
5.399804233268986E+00
5.404434716479356E+00
5.409106308460722E+00
5.413819900292146E+00
5.418497507976675E+00
5.423000009791328E+00
5.427383075580202E+00
5.431512779206337E+00
5.435609561957485E+00
5.439550683784001E+00
5.443340109121414E+00
5.447110094132280E+00
5.450940552778923E+00
5.454916120953025E+00
5.459105930420873E+00
5.463406325825072E+00
5.467877217794900E+00
5.472575784278782E+00
5.477262817545269E+00
5.481973799185476E+00
5.486527348565751E+00
5.490997349342045E+00
5.495379305008964E+00
5.499586735986258E+00
5.503532877454940E+00
5.507430557524016E+00
5.511203729979799E+00
5.515017671002600E+00
5.518846464701524E+00
5.522730490921604E+00
5.526872395257112E+00
5.531236999922874E+00
5.535743305167982E+00
5.540360180105567E+00
5.545006992844463E+00
5.549643873448129E+00
5.554310844335593E+00
5.558720934991310E+00
5.563012920361798E+00
5.567139568258016E+00
5.571149987118303E+00
5.575030134222816E+00
5.578787091219588E+00
5.582457470475344E+00
5.586318077879108E+00
5.590271186887098E+00
5.594378927205709E+00
5.598687833256657E+00
5.603134029483087E+00
5.607790757984077E+00
5.612470442307600E+00
5.617062479812185E+00
5.621586238632872E+00
5.626042473009448E+00
5.630308079756603E+00
5.634475282860119E+00
5.638352223437409E+00
5.642169647624518E+00
5.645948970663969E+00
5.649688154679025E+00
5.653447891358915E+00
5.657353631886649E+00
5.661434684527487E+00
5.665808328648832E+00
5.666915447678461E+00