-1.816368005464070E+00
-1.583798007887201E+00
-1.350483752053618E+00
-1.116445670513489E+00
-8.817045027677701E-01
-6.462813052661543E-01
-4.101974478760025E-01
-1.734745968425281E-01
6.386529913706374E-02
3.018000093918768E-01
5.403070081255619E-01
7.793634564991263E-01
1.018946195480703E+00
1.259031759460519E+00
1.499596396681011E+00
1.740616074569664E+00
1.982066474033857E+00
2.223922987941543E+00
2.466160720283485E+00
2.708754476394712E+00
2.951678755147402E+00
3.194907761153350E+00
3.438415427907451E+00
3.682175430030861E+00
3.926161178415482E+00
4.170345805939681E+00
4.414702156235670E+00
4.659202786137744E+00
4.903819983610535E+00
5.148525785107275E+00
5.393291979196460E+00
5.638090106220304E+00
5.882891461781171E+00
6.127667094500615E+00
6.372387794632743E+00
6.617024093318100E+00
6.861546285287316E+00
7.105924454777862E+00
7.350128482952305E+00
7.594128039376406E+00
7.837892571509435E+00
8.081391302337149E+00
8.324593239873558E+00
8.567467196159871E+00
8.809981802667641E+00
9.052105516475958E+00
9.293806626138869E+00
9.535053256699676E+00
9.775813364312770E+00
1.001605472691818E+01
1.025574495460362E+01
1.049485152105985E+01
1.073334178755020E+01
1.097118300443246E+01
1.120834230277991E+01
1.144478669123907E+01
1.168048306124903E+01
1.191539819988980E+01
1.214949880870547E+01
1.238275152001460E+01
1.261512290791470E+01
1.284657949784173E+01
1.307708776935449E+01
1.330661414836911E+01
1.353512500447604E+01
1.376258667333454E+01
1.398896549200652E+01
1.421422781677822E+01
1.443834002031279E+01
1.466126848748973E+01
1.488297961985136E+01
1.510343984456725E+01
1.532261562763247E+01
1.554047349347604E+01
1.575698004451012E+01
1.597210197584842E+01
1.618580608402035E+01
1.639805926522832E+01
1.660882850811196E+01
1.681808090072987E+01
1.702578366192766E+01
1.723190417425175E+01
1.743640999366415E+01
1.763926884556410E+01
1.784044862666191E+01
1.803991741373330E+01
1.823764347178681E+01
1.843359526663097E+01
1.862774148709929E+01
1.882005106763347E+01
1.901049320248343E+01
1.919903734905419E+01
1.938565322187166E+01
1.957031078915112E+01
1.975298028907990E+01
1.993363226408702E+01
2.011223758594872E+01
2.028876745818583E+01
2.046319341380809E+01
2.063548732166992E+01
2.080562139411841E+01
2.097356819128891E+01
2.113930063419465E+01
2.130279203029279E+01
2.146401609570973E+01
2.162294696346368E+01
2.177955917914457E+01
2.193382769287993E+01
2.208572786142721E+01
2.223523546996221E+01
2.238232676255580E+01
2.252697845694499E+01
2.266916774230078E+01
2.280887227954297E+01
2.294607020771704E+01
2.308074014565651E+01
2.321286119226539E+01
2.334241294214984E+01
2.346937551281189E+01
2.359372956108476E+01
2.371545628127804E+01
2.383453739395394E+01
2.395095513869646E+01
2.406469228070439E+01
2.417573213230074E+01
2.428405857478742E+01
2.438965606360347E+01
2.449250962411131E+01
2.459260485241104E+01
2.468992791635002E+01
2.478446554898643E+01
2.487620504729770E+01
2.496513429131574E+01
2.505124176867974E+01
2.513451658004970E+01
2.521494842628260E+01
2.529252759355407E+01
2.536724494847866E+01
2.543909194578043E+01
2.550806064449601E+01
2.557414371996408E+01
2.563733446244987E+01
2.569762677207260E+01
2.575501515635968E+01
2.580949472234625E+01
2.586106116350168E+01
2.590971076063814E+01
2.595544040347142E+01
2.599824760733034E+01
2.603813050520133E+01
2.607508782690705E+01
2.610911888456017E+01
2.614022356951107E+01
2.616840235722353E+01
2.619365631604840E+01
2.621598711171042E+01
2.623539700276687E+01
2.625188883373250E+01
2.626546602585355E+01
2.627613256031299E+01
2.628389296339053E+01
2.628875231230742E+01
2.629071625598831E+01
2.628979102000398E+01
2.628598338683270E+01
2.627930067244202E+01
2.626975071456736E+01
2.625734186930931E+01
2.624208301076195E+01
2.622398353392352E+01
2.620305335580020E+01
2.617930290940051E+01
2.615274313279737E+01
2.612338545180420E+01
2.609124175807947E+01
2.605632439791199E+01
2.601864618328817E+01
2.597822040774452E+01
2.593506083864620E+01
2.588918169077584E+01
2.584059760551489E+01
2.578932364202426E+01
2.573537527092549E+01
2.567876836929714E+01
2.561951922190638E+01
2.555764452226097E+01
2.549316136463956E+01
2.542608722715619E+01
2.535643994831920E+01
2.528423770595196E+01
2.520949901321509E+01
2.513224273265446E+01
2.505248808400253E+01
2.497025462663117E+01
2.488556223293178E+01
2.479843107293320E+01
2.470888160639249E+01
2.461693457267507E+01
2.452261098452727E+01
2.442593213226309E+01
2.432691958562820E+01
2.422559518188277E+01
2.412198100294681E+01
2.401609935060271E+01
2.390797273169342E+01
2.379762386173824E+01
2.368507567840439E+01
2.357035134069339E+01
2.345347420691585E+01
2.333446781294598E+01
2.321335586183267E+01
2.309016221430516E+01
2.296491087633828E+01
2.283762599675585E+01
2.270833187657589E+01
2.257705296976083E+01
2.244381386558757E+01
2.230863926257323E+01
2.217155394789308E+01
2.203258279141338E+01
2.189175075429417E+01
2.174908289893675E+01
2.160460438176516E+01
2.145834043238819E+01
2.131031633849080E+01
2.116055743758827E+01
2.100908910478051E+01
2.085593674181065E+01
2.070112578242505E+01
2.054468170574108E+01
2.038663003245666E+01
2.022699630167328E+01
2.006580604620925E+01
1.990308478024288E+01
1.973885800113412E+01
1.957315119925867E+01
1.940598986359306E+01
1.923739947220931E+01
1.906740547620652E+01
1.889603328959430E+01
1.872330828005769E+01
1.854925575533974E+01
1.837390095846525E+01
1.819726908192086E+01
1.801938528103365E+01
1.784027466311700E+01
1.765996226153424E+01
1.747847301724104E+01
1.729583177546405E+01
1.711206329179348E+01
1.692719224047621E+01
1.674124321737917E+01
1.655424073209105E+01
1.636620919687049E+01
1.617717291804158E+01
1.598715608432639E+01
1.579618275547418E+01
1.560427686689594E+01
1.541146225010403E+01
1.521776264123594E+01
1.502320166305043E+01
1.482780280085923E+01
1.463158939303720E+01
1.443458463425949E+01
1.423681158189473E+01
1.403829316244750E+01
1.383905217492882E+01
1.363911128625816E+01
1.343849302265064E+01
1.323721975929883E+01
1.303531370763481E+01
1.283279691035405E+01
1.262969125563950E+01
1.242601849877110E+01
1.222180026240795E+01
1.201705801432902E+01
1.181181304960534E+01
1.160608648960085E+01
1.139989928742876E+01
1.119327223250166E+01
1.098622595713697E+01
1.077878094270977E+01
1.057095751709326E+01
1.036277584479600E+01
1.015425591401207E+01
9.945417526334030E+00
9.736280300712481E+00
9.526863694161403E+00
9.317187019153391E+00
9.107269435358576E+00
8.897129927745679E+00
8.686787297194766E+00
8.476260164560710E+00
8.265566974622081E+00
8.054725999201539E+00
7.843755347064659E+00
7.632672972848891E+00
7.421496673082848E+00
7.210244072604506E+00
6.998932610909982E+00
6.787579538099928E+00
6.576201927339142E+00
6.364816696976930E+00
6.153440620290132E+00
5.942090311475453E+00
5.730782208361815E+00
5.519532570372077E+00
5.308357483100361E+00
5.097272859178561E+00
4.886294443137766E+00
4.675437826064610E+00
4.464718454654097E+00
4.254151622195899E+00
4.043752451463699E+00
3.833535884173450E+00
3.623516685111652E+00
3.413709459720801E+00
3.204128672858135E+00
2.994788650680053E+00
2.785703565334534E+00
2.576887424159097E+00
2.368354071426971E+00
2.160117190090150E+00
1.952190301146229E+00
1.744586773437249E+00
1.537319842351223E+00
1.330402614500434E+00
1.123848052010012E+00
9.176689549137579E-01
7.118779572750114E-01
5.064875383639306E-01
3.015100407084747E-01
9.695768289767731E-02
-1.071574437172506E-01
-3.108233879700694E-01
-5.140283444057558E-01
-7.167606520119195E-01
-9.190087960640025E-01
-1.120761406596639E+00
-1.322007241939014E+00
-1.522735169909484E+00
-1.722934171196368E+00
-1.922593360416436E+00
-2.121701999770056E+00
-2.320249495000037E+00
-2.518225380762608E+00
-2.715619305954665E+00
-2.912421026369451E+00
-3.108620409386379E+00
-3.304207443351127E+00
-3.499172241164553E+00
-3.693505042251080E+00
-3.887196215648555E+00
-4.080236252721883E+00
-4.272615745466258E+00
-4.464325372593165E+00
-4.655355912314173E+00
-4.845698264595316E+00
-5.035343457399688E+00
-5.224282636450480E+00
-5.412507051593964E+00
-5.600008046806829E+00
-5.786777055446459E+00
-5.972805603764250E+00
-6.158085318277866E+00
-6.342607930949877E+00
-6.388619346497519E+00