2.978342169553609E+00
5.360531636947688E+00
7.751574650918789E+00
1.014845721203759E+01
1.254792080011416E+01
1.494640494655307E+01
1.733998430391542E+01
1.972429935407510E+01
2.209447987346903E+01
2.444506027417911E+01
2.676988597696182E+01
2.906201006618151E+01
3.131357965314775E+01
3.351571166867010E+01
3.565835826379178E+01
3.773016267895264E+01
3.971830742079298E+01
4.160835795323962E+01
4.338410697143718E+01
4.502742679984803E+01
4.651814065455951E+01
4.783392752641408E+01
4.895028030730517E+01
4.984054240913267E+01
5.047605422255487E+01
5.082644672570568E+01
5.086012433276203E+01
5.054498105406988E+01
4.984939098125265E+01
4.874350322982614E+01
4.720084980398610E+01
4.520024000436150E+01
4.272786638617240E+01
3.977948766481621E+01
3.636249099183681E+01
3.249758280189462E+01
2.821983127861967E+01
2.357880197667261E+01
1.863760271924488E+01
1.347078295416766E+01
8.161197444779118E+00
2.796110306002256E+00
-2.537057454746352E+00
-7.754878672394424E+00
-1.278154147018023E+01
-1.755161950590571E+01
-2.201181946853589E+01
-2.612169120540764E+01
-2.985341623641458E+01
-3.319087469516150E+01
-3.612822494646338E+01
-3.866822235578665E+01
-4.082046814671055E+01
-4.259973077574342E+01
-4.402443260414382E+01
-4.511535136363743E+01
-4.589455246575499E+01
-4.638454509140416E+01
-4.660764096393660E+01
-4.658548775014008E+01
-4.633874706003600E+01
-4.588688821382123E+01
-4.524807190931161E+01
-4.443910166494810E+01
-4.347542479037474E+01
-4.237116827334008E+01
-4.113919817925016E+01
-3.979119387045064E+01
-3.833773057124500E+01
-3.678836557573786E+01
-3.515172477987512E+01
-3.343558728140789E+01
-3.164696659326832E+01
-2.979218761127067E+01
-2.787695891210356E+01
-2.590644027002663E+01
-2.388530550086211E+01
-2.181780089372296E+01
-1.970779959308261E+01
-1.755885236061387E+01
-1.537423518864930E+01
-1.315699426342649E+01
-1.090998879271417E+01
-8.635932223639664E+00
-6.337432386031861E+00
-4.017031106937320E+00
-1.677243855044696E+00
6.794000090955783E-01
3.050315779061600E+00
5.432820119242292E+00
7.824085293735187E+00
1.022109021108351E+01
1.262056754678542E+01
1.501894616204762E+01
1.741228799524092E+01
1.979621856679550E+01
2.216585021593212E+01
2.451569718877149E+01
2.683958173616367E+01
2.913053047555594E+01
3.138066045086514E+01
3.358105462301725E+01
3.572162698798442E+01
3.779097820850261E+01
3.977624363515413E+01
4.166293697336457E+01
4.343479473145866E+01
4.507362907768962E+01
4.655919995583687E+01
4.786912135019426E+01
4.897882148011833E+01
4.986158234916763E+01
5.048869017546924E+01
5.082973417169454E+01
5.085309586088279E+01
5.052667297557799E+01
4.981887873228770E+01
4.869994610748346E+01
4.714354470673329E+01
4.512868256221400E+01
4.264181620176873E+01
3.967903250480374E+01
3.624810299154435E+01
3.237015855021178E+01
2.808070758022544E+01
2.342974059833275E+01
1.848074066314610E+01
1.330854942731990E+01
7.996203853743980E+00
2.631024108566257E+00
-2.699641521826337E+00
-7.912556304025832E+00
-1.293219410219680E+01
-1.769348003582805E+01
-2.214350604442891E+01
-2.624221115247738E+01
-2.996214538105009E+01
-3.328751899835381E+01
-3.621277158919381E+01
-3.874088661135043E+01
-4.088164099431051E+01
-4.264993066531216E+01
-4.406426335951592E+01
-4.514546706264907E+01
-4.591562930803563E+01
-4.639725973545720E+01
-4.661265452844986E+01
-4.658343456493984E+01
-4.633022725960502E+01
-4.587246334254502E+01
-4.522826281741983E+01
-4.441438809399651E+01
-4.344624616280588E+01
-4.233792530453868E+01
-4.110225501937547E+01
-3.975088055671285E+01
-3.829434563025364E+01
-3.674217866187050E+01
-3.510297927130853E+01
-3.338450278248543E+01
-3.159374131201163E+01
-2.973700059559608E+01
-2.781997213892623E+01
-2.584780058893940E+01
-2.382514643926405E+01
-2.175624433376766E+01
-1.964495733310203E+01
-1.749482757511626E+01
-1.530912380186849E+01
-1.309088625192344E+01
-1.084296943285852E+01
-8.568083300044862E+00
-6.268833377270832E+00
-3.947760365192838E+00
-1.607379796795997E+00
7.497776836454295E-01
3.121124819333800E+00
5.503974390958699E+00
7.895493358335535E+00
1.029265379600726E+01
1.269217988335806E+01
1.509049016632155E+01
1.748363426588084E+01
1.986722317316380E+01
2.223635224919569E+01
2.458551604949404E+01
2.690851413397378E+01
2.919834712076837E+01
3.144710242528364E+01
3.364582942875146E+01
3.578440429053909E+01
3.785138531566513E+01
3.983386078885680E+01
4.171729258080363E+01
4.348536072781757E+01
4.511981669951420E+01
4.660035631476612E+01
4.790452733340754E+01
4.900769166582889E+01
4.988306780716568E+01
5.050188521055357E+01
5.083368823660862E+01
5.084683197416605E+01
5.050921396886972E+01
4.978928244267912E+01
4.865735013291122E+01
4.708722047036950E+01
4.505809713520804E+01
4.255669864237777E+01
3.957943954546665E+01
3.613447706896000E+01
3.224336991003522E+01
2.794207205699483E+01
2.328100614239761E+01
1.832403892198544E+01
1.314631335938083E+01
7.831057598832017E+00
2.465655951282030E+00
-2.862609461464384E+00
-8.070687766517182E+00
-1.308333618616148E+01
-1.783583106658083E+01
-2.227565126705624E+01
-2.636312818061742E+01
-3.007118459445630E+01
-3.338436579927521E+01
-3.629739770692542E+01
-3.881349686601022E+01
-4.094262056155612E+01
-4.269979633661214E+01
-4.410362085806146E+01
-4.517497531055392E+01
-4.593597169630288E+01
-4.640912190460890E+01
-4.661670786970102E+01
-4.658032453407343E+01
-4.632056559769877E+01
-4.585682337043032E+01
-4.520717707841848E+01
-4.438834773814955E+01
-4.341570158092200E+01
-4.230328762413998E+01
-4.106389816367700E+01
-3.970914364157480E+01
-3.824953553356202E+01
-3.669457264674804E+01
-3.505282758089451E+01
-3.333203115167220E+01
-3.153915336223297E+01
-2.968048009402462E+01
-2.776168511450515E+01
-2.578789730555901E+01
-2.376376323190143E+01
-2.169350531717105E+01
-1.958097599510852E+01
-1.742970826831677E+01
-1.524296314836366E+01
-1.302377447656334E+01
-1.077499164078967E+01
-8.499320714721357E+00
-6.199364555414133E+00
-3.877662405571377E+00
-1.536729560192683E+00
8.209023252706440E-01
3.192643685676434E+00
5.575803628413317E+00
7.967543986327400E+00
1.036483014240937E+01
1.276437788541827E+01
1.516259551213692E+01
1.755552035017754E+01
1.993874884015059E+01
2.230735929482069E+01
2.465582645591858E+01
2.697792701100032E+01
2.926663533302921E+01
3.151400889116601E+01
3.371106308856803E+01
3.584763575899602E+01
3.791224225932741E+01
3.989192310565868E+01
4.177208750880285E+01
4.353635807786398E+01
4.516642449499284E+01
4.664191723442890E+01
4.794031649261942E+01
4.903691643665706E+01
4.990487056297583E+01
5.051535007240233E+01
5.083785307105286E+01
5.084070700343776E+01
5.049180834380874E+01
4.975963991642524E+01
4.861459446678798E+01
4.703061031534152E+01
4.498708881198851E+01
4.247101352167955E+01
3.947913077037287E+01
3.601998849593340E+01
3.211557886594353E+01
2.780230738539545E+01
2.313103451866118E+01
1.816601571434053E+01
1.298269906146036E+01
7.664506180639377E+00
2.298886141345726E+00
-3.026946134811408E+00
-8.230128115590848E+00
-1.323570397858176E+01
-1.797930562416982E+01
-2.240880350315598E+01
-2.648492605256636E+01
-3.018097323532797E+01
-3.348182931769087E+01
-3.638250991816736E+01
-3.888646742759141E+01
-4.100384160318183E+01
-4.274979311441406E+01
-4.414300851771993E+01
-4.520442267100952E+01
-4.595617211475698E+01
-4.642077073408739E+01
-4.662048571727931E+01
-4.657688540577110E+01
-4.631052901480422E+01
-4.584076961289146E+01
-4.518564481814036E+01
-4.436183344438893E+01
-4.338466019650766E+01
-4.226813411676148E+01
-4.102500964733309E+01
-3.966686183868794E+01
-3.820416940912919E+01
-3.664640109390564E+01
-3.500210207440963E+01
-3.327897831410437E+01
-3.148397740862239E+01
-2.962336513650288E+01
-2.770279731947127E+01
-2.572738690406054E+01
-2.370176638943185E+01
-2.163014587288962E+01
-1.951636708300573E+01
-1.736395383447236E+01
-1.517615937946410E+01
-1.295601115548198E+01
-1.070635344545058E+01
-8.429888476789241E+00
-6.129216495670603E+00
-3.806875363218850E+00
-1.465380233820662E+00
8.927361066824071E-01
3.264881642537282E+00
5.648361640922683E+00
8.040332614191207E+00
1.043775303127920E+01
1.283733003608409E+01
1.523546138712055E+01
1.762817179110795E+01
2.001104276834399E+01
2.237913516710751E+01
2.472690344833919E+01
2.704810090506425E+01
2.933567508352542E+01
3.158165286200495E+01
3.377701495512694E+01
3.431677932611782E+01