8.291942464411259E+03
8.350045664343983E+03
8.414124821268022E+03
8.489301028402522E+03
8.580455731607974E+03
8.691765280423686E+03
8.826165771042928E+03
8.984867177747190E+03
9.167074901975691E+03
9.370038269903511E+03
9.589428882110864E+03
9.819925845798105E+03
1.005583128852397E+04
1.029157722545043E+04
1.052206667022780E+04
1.074286140957102E+04
1.095026205913350E+04
1.114132883355394E+04
1.131387937173247E+04
1.146648469467461E+04
1.159847142242268E+04
1.170992922609672E+04
1.180171705253050E+04
1.187545950853080E+04
1.193352536268160E+04
1.197898253177851E+04
1.201552679790556E+04
1.204738321839646E+04
1.207917839349061E+04
1.211577808253467E+04
1.216207937173545E+04
1.222274311529100E+04
1.230185640797019E+04
1.240253314892203E+04
1.252649654404074E+04
1.267373203458637E+04
1.284232634913176E+04
1.302858467046171E+04
1.322743395213038E+04
1.343301541759819E+04
1.363930856693536E+04
1.384064663629979E+04
1.403205496982485E+04
1.420941760338098E+04
1.436951986982673E+04
1.451002344946563E+04
1.462941896732152E+04
1.472698395045847E+04
1.480275828095526E+04
1.485753741391748E+04
1.489287532612681E+04
1.491108382374793E+04
1.491521235805750E+04
1.490899316154420E+04
1.489674036580324E+04
1.488319794245809E+04
1.487333795068413E+04
1.487211552548409E+04
1.488418924116343E+04
1.491361611527205E+04
1.496353303369880E+04
1.503584490741044E+04
1.513095601937920E+04
1.524759994265437E+04
1.538283201716095E+04
1.553223039298505E+04
1.569030131955445E+04
1.585101922936738E+04
1.600838762785494E+04
1.615690966953337E+04
1.629190311852098E+04
1.640965328659117E+04
1.650744021815807E+04
1.658349213404953E+04
1.663691198897362E+04
1.666760934252292E+04
1.667625404584408E+04
1.666425508235395E+04
1.663375760535896E+04
1.658764310123026E+04
1.652951152461767E+04
1.646362126315385E+04
1.639476488967985E+04
1.632806753183156E+04
1.626870984938741E+04
1.622159528055787E+04
1.619099539034814E+04
1.618021291672438E+04
1.619129895781726E+04
1.622485281506926E+04
1.627992568124086E+04
1.635404473683983E+04
1.644336910357326E+04
1.654297736728191E+04
1.664726473175734E+04
1.675040113952011E+04
1.684678247509897E+04
1.693140759354085E+04
1.700013661491126E+04
1.704982036377490E+04
1.707832164564729E+04
1.708446593151242E+04
1.706796081826091E+04
1.702931541056931E+04
1.696977864708006E+04
1.689130350188911E+04
1.679653322400153E+04
1.668879606508464E+04
1.657208599749207E+04
1.645099978531897E+04
1.633059864685684E+04
1.621617044902593E+04
1.611288946089149E+04
1.602540278444439E+04
1.595740448192507E+04
1.591127405025065E+04
1.588784508746862E+04
1.588633738273382E+04
1.590444801942259E+04
1.593857083277404E+04
1.598410432502627E+04
1.603581059419364E+04
1.608819307917356E+04
1.613586359497160E+04
1.617386973744631E+04
1.619795638862252E+04
1.620474324882776E+04
1.619181383638084E+04
1.615772628942877E+04
1.610196759115905E+04
1.602487746496499E+04
1.592756615947932E+04
1.581184375952184E+04
1.568016993518919E+04
1.553562367022038E+04
1.538188285635412E+04
1.522319358818606E+04
1.506429926224425E+04
1.491029323735833E+04
1.476636223614588E+04
1.463740875772387E+04
1.452758243601769E+04
1.443980118032172E+04
1.437537561288849E+04
1.433383723521978E+04
1.431301037998870E+04
1.430929253529385E+04
1.431805817391351E+04
1.433409557491168E+04
1.435201205087826E+04
1.436657648742944E+04
1.437299235729501E+04
1.436710527342558E+04
1.434555072470754E+04
1.430584597819671E+04
1.424642961541936E+04
1.416665429786220E+04
1.406674221054465E+04
1.394771615625359E+04
1.381132063720934E+04
1.365994565009698E+04
1.349656152574345E+04
1.332466660963185E+04
1.314824144174717E+04
1.297169367048889E+04
1.279976792396046E+04
1.263738670518249E+04
1.248938790937699E+04
1.236014112972561E+04
1.225306643447373E+04
1.217014039366925E+04
1.211152510836395E+04
1.207545281351777E+04
1.205842176232254E+04
1.205564581293438E+04
1.206162094948278E+04
1.207066783219134E+04
1.207736266078753E+04
1.207683285737876E+04
1.206493666134682E+04
1.203836056832783E+04
1.199466497147456E+04
1.193229776101373E+04
1.185058551355731E+04
1.174970550675504E+04
1.163063959226012E+04
1.149511184542067E+04
1.134551409181766E+04
1.118482505862415E+04
1.101652864873409E+04
1.084453403416462E+04
1.067309490178339E+04
1.050671771991812E+04
1.035004032038897E+04
1.020765458324924E+04
1.008384516168013E+04
9.982227807246149E+03
9.905304617822170E+03
9.854009868327528E+03
9.827377492114902E+03
9.822474513836205E+03
9.834676345091313E+03
9.858229916445911E+03
9.886940275654197E+03
9.914797221828252E+03
9.936426671169698E+03
9.947344472043216E+03
9.944053592838347E+03
9.924045382283628E+03
9.885756486751139E+03
9.828513756033033E+03
9.752481554832309E+03
9.658613458789885E+03
9.548603603087366E+03
9.424830888263881E+03
9.290290442943573E+03
9.148509669400752E+03
9.003449208058417E+03
8.859390697248280E+03
8.720812203161418E+03
8.592248421646655E+03
8.478127047955990E+03
8.382567183554173E+03
8.309124023556709E+03
8.260471895433962E+03
8.238041132546961E+03
8.241664942488074E+03
8.269338322244585E+03
8.317210655018687E+03
8.379890436187387E+03
8.451032204836607E+03
8.524059285700321E+03
8.592830461576581E+03
8.652110563978553E+03
8.697806204438210E+03
8.727010595068336E+03
8.737934269584715E+03
8.729791016511619E+03
8.702683932229877E+03
8.657512204036117E+03
8.595901645854115E+03
8.520151454694569E+03
8.433184507332742E+03
8.338487332120538E+03
8.240027796268463E+03
8.142142795555294E+03
8.049393675394356E+03
7.966392091676593E+03
7.897601849168539E+03
7.847122121326625E+03
7.818455216906965E+03
7.814260478012264E+03
7.836099079646170E+03
7.884186380840838E+03
7.957189914956689E+03
8.052135675393045E+03
8.164496489338577E+03
8.288512644514441E+03
8.417728684097528E+03
8.545646473690867E+03
8.666344195969403E+03
8.774929708383977E+03
8.867771008826792E+03
8.942527051925659E+03
8.998048401109874E+03
9.034222200654447E+03
9.051816122762859E+03
9.052350193619728E+03
9.038004278674722E+03
9.011554990768433E+03
8.976327544525266E+03
8.936143819287419E+03
8.895246840327978E+03
8.858184348329902E+03
8.829640699550509E+03
8.814216724157333E+03
8.816169283218682E+03
8.839132490441203E+03
8.885847494132817E+03
8.957926423601806E+03
9.055671157695353E+03
9.177963552609086E+03
9.322243995837867E+03
9.484598502509296E+03
9.659974529542029E+03
9.842533214181662E+03
1.002611627432704E+04
1.020476692460477E+04
1.037321599999815E+04
1.052724727444351E+04
1.066389270613343E+04
1.078146026855707E+04
1.087943816457689E+04
1.095833501817286E+04
1.101950847823918E+04
1.106501600544900E+04
1.109750196416676E+04
1.112011969257146E+04
1.113647662730515E+04
1.115058357042819E+04
1.116678484588861E+04
1.118964487779140E+04
1.122377067700773E+04
1.127356135031581E+04
1.134289561651647E+04
1.143479233286530E+04
1.155109800855815E+04
1.169225909169763E+04
1.185722165066749E+04
1.204347351229936E+04
1.224721697882563E+04
1.246364420153946E+04
1.268728347145766E+04
1.291238682382554E+04
1.313332998318225E+04
1.334499203932285E+04
1.354307801254839E+04
1.372434961417690E+04
1.388674251577631E+04
1.402937001120299E+04
1.415243492203578E+04
1.425708537423238E+04
1.434525191406533E+04
1.441949544154853E+04
1.448288271376863E+04
1.453889325992391E+04
1.459135073142499E+04
1.464436324584484E+04
1.470225073672459E+04
1.476943297835439E+04
1.485025199174508E+04
1.494871115372702E+04
1.506813491733372E+04
1.521078737157211E+04
1.537752436613292E+04
1.556757183929160E+04
1.577850360744074E+04
1.600643692686036E+04
1.624640062985383E+04
1.649279176689684E+04
1.673983635704033E+04
1.698199657417834E+04
1.721429860163853E+04
1.743257724075019E+04
1.763364206240326E+04
1.781537038888410E+04
1.797673133680783E+04
1.811774676224217E+04
1.823939971135184E+04
1.834350655887276E+04
1.843257232847065E+04
1.850964784538932E+04
1.857820244360343E+04
1.864201840848848E+04
1.870510491180799E+04
1.877162104960252E+04
1.884579026918602E+04
1.893178258769354E+04
1.903353840729874E+04
1.915451254079584E+04
1.929733533280529E+04
1.946342368222214E+04
1.965262230844237E+04
1.986299118358642E+04
2.009084471278824E+04
2.033107664331608E+04
2.039237780630402E+04