-8.227728929479486E+07
-8.228892955311310E+07
-8.230062545174658E+07
-8.231233131474459E+07
-8.232399018393260E+07
-8.233559294844240E+07
-8.234718780910563E+07
-8.235883023317897E+07
-8.237052536421359E+07
-8.238222266989499E+07
-8.239386841305453E+07
-8.240546143993783E+07
-8.241705437849724E+07
-8.242869900555682E+07
-8.244039248799962E+07
-8.245208032850289E+07
-8.246371294373429E+07
-8.247529714732623E+07
-8.248688906595641E+07
-8.249853586969274E+07
-8.251022678475386E+07
-8.252190429296041E+07
-8.253352384329617E+07
-8.254510011969495E+07
-8.255669178888118E+07
-8.256834060321236E+07
-8.258002802678537E+07
-8.259169449718595E+07
-8.260330125067240E+07
-8.261487057516664E+07
-8.262646265964413E+07
-8.263811312420881E+07
-8.264979601705128E+07
-8.266145078194088E+07
-8.267304511869919E+07
-8.268460852835089E+07
-8.269620166375935E+07
-8.270785337182993E+07
-8.271953072281235E+07
-8.273117321494359E+07
-8.274275558134514E+07
-8.275431403980744E+07
-8.276590867962188E+07
-8.277756108584011E+07
-8.278923191489935E+07
-8.280086175302070E+07
-8.281243278557467E+07
-8.282398730005240E+07
-8.283558377866954E+07
-8.284723618156153E+07
-8.285889945093143E+07
-8.287051630531949E+07
-8.288207670569968E+07
-8.289362827837580E+07
-8.290522686907262E+07
-8.291687855136466E+07
-8.292853331705523E+07
-8.294013699949288E+07
-8.295168751750380E+07
-8.296323703132725E+07
-8.297483780203271E+07
-8.298648792148232E+07
-8.299813329927891E+07
-8.300972381383026E+07
-8.302126535672933E+07
-8.303281370054185E+07
-8.304441660600215E+07
-8.305606421883583E+07
-8.306769932079625E+07
-8.307927672682732E+07
-8.309081021374828E+07
-8.310235820209569E+07
-8.311396311346340E+07
-8.312560730296195E+07
-8.313723139574349E+07
-8.314879591550750E+07
-8.316032228526217E+07
-8.317187057504815E+07
-8.318347715409803E+07
-8.319511691181552E+07
-8.320672934969556E+07
-8.321828137629688E+07
-8.322980166985130E+07
-8.324135089187402E+07
-8.325295871617693E+07
-8.326459300200087E+07
-8.327619318435133E+07
-8.328773314916438E+07
-8.329924835431617E+07
-8.331079901160455E+07
-8.332240757744658E+07
-8.333403542215383E+07
-8.334562294134641E+07
-8.335715143648356E+07
-8.336866252962756E+07
-8.338021495161593E+07
-8.339182356782657E+07
-8.340344394649416E+07
-8.341501849119663E+07
-8.342653624062270E+07
-8.343804424255085E+07
-8.344959871023965E+07
-8.346120664302057E+07
-8.347281856997716E+07
-8.348437991107321E+07
-8.349588765240699E+07
-8.350739346972334E+07
-8.351895009408432E+07
-8.353055654194850E+07
-8.354215914727378E+07
-8.355370726950669E+07
-8.356520587770426E+07
-8.357671037330198E+07
-8.358826909429491E+07
-8.359987311057204E+07
-8.361146551341575E+07
-8.362300049206722E+07
-8.363449091005152E+07
-8.364599492845190E+07
-8.365755563540393E+07
-8.366915628794789E+07
-8.368073771136439E+07
-8.369225972298878E+07
-8.370374287001956E+07
-8.371524708812779E+07
-8.372680948756379E+07
-8.373840580671668E+07
-8.374997561573672E+07
-8.376148504126978E+07
-8.377296193973094E+07
-8.378446696978301E+07
-8.379603062215233E+07
-8.380762155102193E+07
-8.381917913566941E+07
-8.383067641798782E+07
-8.384214809070450E+07
-8.385365447800761E+07
-8.386521890045172E+07
-8.387680345251399E+07
-8.388834836084342E+07
-8.389983404775518E+07
-8.391130145393068E+07
-8.392280954233295E+07
-8.393437407624865E+07
-8.394595125763196E+07
-8.395748319392753E+07
-8.396895801117361E+07
-8.398042216526675E+07
-8.399193222041011E+07
-8.400349610790133E+07
-8.401506490571868E+07
-8.402658362537563E+07
-8.403804831860757E+07
-8.404951016296065E+07
-8.406102234337813E+07
-8.407258480889016E+07
-8.408414434022403E+07
-8.409564978716934E+07
-8.410710518790829E+07
-8.411856556468731E+07
-8.413007981982267E+07
-8.414163994336402E+07
-8.415318934920186E+07
-8.416468161224395E+07
-8.417612867726332E+07
-8.418758843902594E+07
-8.419910465023267E+07
-8.421066147238064E+07
-8.422219993622613E+07
-8.423367916344607E+07
-8.424511881966287E+07
-8.425657868770266E+07
-8.426809661001462E+07
-8.427964918290120E+07
-8.429117606015587E+07
-8.430264259909725E+07
-8.431407583346212E+07
-8.432553640228188E+07
-8.433705559565777E+07
-8.434860286972392E+07
-8.436011756422740E+07
-8.437157188166714E+07
-8.438299974292165E+07
-8.439446157237858E+07
-8.440598155030662E+07
-8.441752250841051E+07
-8.442902452233702E+07
-8.444046713556421E+07
-8.445189058846641E+07
-8.446335405958259E+07
-8.447487420878297E+07
-8.448640788542926E+07
-8.449789691945148E+07
-8.450932852554160E+07
-8.452074855723572E+07
-8.453221391876590E+07
-8.454373347142136E+07
-8.455525884976631E+07
-8.456673466507024E+07
-8.457815603174853E+07
-8.458957361954111E+07
-8.460104106077021E+07
-8.461255924310333E+07
-8.462407540299743E+07
-8.463553789257646E+07
-8.464694981905764E+07
-8.465836580965656E+07
-8.466983531514883E+07
-8.468135124601281E+07
-8.469285735092562E+07
-8.470430660465682E+07
-8.471571003665298E+07
-8.472712526815253E+07
-8.473859669935751E+07
-8.475010939605659E+07
-8.476160461099416E+07
-8.477304077761763E+07
-8.478443667048752E+07
-8.479585190658855E+07
-8.480732505274707E+07
-8.481883356987339E+07
-8.483031721659994E+07
-8.484174059663004E+07
-8.485312990499389E+07
-8.486454573871404E+07
-8.487602018356985E+07
-8.488752350317782E+07
-8.489899501011765E+07
-8.491040607845640E+07
-8.492178985106587E+07
-8.493320683677346E+07
-8.494468207487220E+07
-8.495617914890474E+07
-8.496763798926830E+07
-8.497903725601828E+07
-8.499041648317266E+07
-8.500183505078644E+07
-8.501331051201355E+07
-8.502480037830889E+07
-8.503624621931297E+07
-8.504763433919424E+07
-8.505900997922492E+07
-8.507043037348402E+07
-8.508190530471742E+07
-8.509338696518785E+07
-8.510481958403808E+07
-8.511619734316134E+07
-8.512757039428663E+07
-8.513899280751634E+07
-8.515046641121912E+07
-8.516193890624255E+07
-8.517335815869874E+07
-8.518472634658790E+07
-8.519609768401027E+07
-8.520752214940023E+07
-8.521899358050156E+07
-8.523045607922405E+07
-8.524186203586274E+07
-8.525322156483060E+07
-8.526459199769962E+07
-8.527601836663705E+07
-8.528748664394647E+07
-8.529893831916898E+07
-8.531033114575326E+07
-8.532168299855673E+07
-8.533305331740904E+07
-8.534448138899833E+07
-8.535594554999864E+07
-8.536738567971373E+07
-8.537876563055152E+07
-8.539011074868274E+07
-8.540148157267928E+07
-8.541291097633034E+07
-8.542437003886330E+07
-8.543579806014144E+07
-8.544716559465778E+07
-8.545850500326604E+07
-8.546987686893731E+07
-8.548130708458585E+07
-8.549275998499030E+07
-8.550417536557454E+07
-8.551553100880551E+07
-8.552686573466647E+07
-8.553823911160237E+07
-8.554966958495009E+07
-8.556111533962715E+07
-8.557251769906920E+07
-8.558386206336379E+07
-8.559519305283314E+07
-8.560656820543087E+07
-8.561799821853906E+07
-8.562943585808229E+07
-8.564082498716789E+07
-8.565215885824603E+07
-8.566348709881443E+07
-8.567486420281744E+07
-8.568629293445197E+07
-8.569772147346047E+07
-8.570909721526557E+07
-8.572042139692801E+07
-8.573174780309531E+07
-8.574312693436643E+07
-8.575455356075382E+07
-8.576597215273011E+07
-8.577733453204989E+07
-8.578864989409304E+07
-8.579997526039168E+07
-8.581135628379327E+07
-8.582277985003859E+07
-8.583418769204563E+07
-8.584553688972020E+07
-8.585684442227876E+07
-8.586816954351172E+07
-8.587955225104380E+07
-8.589097176365599E+07
-8.590236809390730E+07
-8.591370434288085E+07
-8.592500500099349E+07
-8.593633053980520E+07
-8.594771460935238E+07
-8.595912910742909E+07
-8.597051334417114E+07
-8.598183706601796E+07
-8.599313184450933E+07
-8.600445832135424E+07
-8.601584323311311E+07
-8.602725166534171E+07
-8.603862329329789E+07
-8.604993503359360E+07
-8.606122498346141E+07
-8.607255288360614E+07
-8.608393807213292E+07
-8.609533941919968E+07
-8.610669801723790E+07
-8.611799836229473E+07
-8.612928443825704E+07
-8.614061406772783E+07
-8.615199886136314E+07
-8.616339217580563E+07
-8.617473752530888E+07
-8.618602723365512E+07
-8.619731039364842E+07
-8.620864191012406E+07
-8.622002548317519E+07
-8.623140977919561E+07
-8.624274173007905E+07
-8.625402162931767E+07
-8.626530282293749E+07
-8.627663632823896E+07
-8.628801785180390E+07
-8.629939224532613E+07
-8.631071077168590E+07
-8.632198170173657E+07
-8.633326173502234E+07
-8.634459713280955E+07
-8.635597569035229E+07
-8.636733939748824E+07
-8.637864467725515E+07
-8.638990761486804E+07
-8.640118726527539E+07
-8.641252432874435E+07
-8.642389890559480E+07
-8.643525114871982E+07
-8.644654341994089E+07
-8.645779935056090E+07
-8.646907932398653E+07
-8.647190841924685E+07