-8.532838524470329E+05
-8.788450263412595E+05
-9.044046873664856E+05
-9.299665619670749E+05
-9.555268633062243E+05
-9.810879093306661E+05
-1.006645076953709E+06
-1.032202323090315E+06
-1.057751548914909E+06
-1.083299348347127E+06
-1.108847958838105E+06
-1.134395309064984E+06
-1.159941920652866E+06
-1.185483684416890E+06
-1.211024643961251E+06
-1.236555884228170E+06
-1.262084557156324E+06
-1.287612081192553E+06
-1.313138920224488E+06
-1.338664337509692E+06
-1.364185587073386E+06
-1.389706755562186E+06
-1.415218720655382E+06
-1.440728602678895E+06
-1.466236695803463E+06
-1.491745359542549E+06
-1.517251859447122E+06
-1.542754323139310E+06
-1.568255909783185E+06
-1.593747389622211E+06
-1.619235220147371E+06
-1.644718845672011E+06
-1.670202694292367E+06
-1.695682666480958E+06
-1.721158564031243E+06
-1.746633032706678E+06
-1.772097897497296E+06
-1.797559015354991E+06
-1.823015511570930E+06
-1.848473609576404E+06
-1.873927790426254E+06
-1.899379058275282E+06
-1.924828672207534E+06
-1.950269243829012E+06
-1.975704937040746E+06
-2.001134293837428E+06
-2.026564600585818E+06
-2.051989124183953E+06
-2.077410137984633E+06
-2.102827787258565E+06
-2.128236429413795E+06
-2.153638896135747E+06
-2.179034162790000E+06
-2.204430753828377E+06
-2.229821558702797E+06
-2.255210120313227E+06
-2.280595363698304E+06
-2.305973308591932E+06
-2.331344652549803E+06
-2.356708412750244E+06
-2.382073154765934E+06
-2.407431197883308E+06
-2.432786569899946E+06
-2.458136768872887E+06
-2.483479585105628E+06
-2.508813675460070E+06
-2.534138811469823E+06
-2.559463751770288E+06
-2.584781457353622E+06
-2.610096791896254E+06
-2.635406573554367E+06
-2.660710732397377E+06
-2.686005969175696E+06
-2.711292821415842E+06
-2.736579371517777E+06
-2.761859115244657E+06
-2.787136666981637E+06
-2.812407719859302E+06
-2.837673607588440E+06
-2.862928737053424E+06
-2.888174293367982E+06
-2.913417335226357E+06
-2.938652664142907E+06
-2.963884783900797E+06
-2.989109262106329E+06
-3.014329325622857E+06
-3.039537983335406E+06
-3.064737579509705E+06
-3.089934113530815E+06
-3.115124099782467E+06
-3.140311312708765E+06
-3.165491082775772E+06
-3.190667566671938E+06
-3.215832005134493E+06
-3.240987112022668E+06
-3.266137032410562E+06
-3.291279908482045E+06
-3.316418333550960E+06
-3.341547912192583E+06
-3.366673726978540E+06
-3.391786273417264E+06
-3.416889147902429E+06
-3.441985243442208E+06
-3.467075131160080E+06
-3.492160422767580E+06
-3.517237556926787E+06
-3.542312049335480E+06
-3.567373830652624E+06
-3.592426580257684E+06
-3.617471269395918E+06
-3.642510227360815E+06
-3.667543267425239E+06
-3.692567445589006E+06
-3.717587970941186E+06
-3.742594703373790E+06
-3.767591305917919E+06
-3.792577396411091E+06
-3.817557606037468E+06
-3.842530621370822E+06
-3.867495046439707E+06
-3.892455952871174E+06
-3.917404046627134E+06
-3.942342746410161E+06
-3.967270378353536E+06
-3.992193267795086E+06
-4.017108458264858E+06
-4.042015545327008E+06
-4.066918397093743E+06
-4.091808443011492E+06
-4.116688042957485E+06
-4.141554287868977E+06
-4.166414907664925E+06
-4.191265787039697E+06
-4.216108073677570E+06
-4.240944824144781E+06
-4.265769349997461E+06
-4.290583293227553E+06
-4.315383370281249E+06
-4.340178599156022E+06
-4.364964030028045E+06
-4.389742071163803E+06
-4.414514329779297E+06
-4.439275713192731E+06
-4.464026156532198E+06
-4.488761662353963E+06
-4.513491467364281E+06
-4.538209763566196E+06
-4.562919911242932E+06
-4.587622122809619E+06
-4.612313502635449E+06
-4.636992656630903E+06
-4.661655920295656E+06
-4.686312945428014E+06
-4.710958125362009E+06
-4.735595984580338E+06
-4.760225611335665E+06
-4.784846362219572E+06
-4.809455108938754E+06
-4.834048313546091E+06
-4.858634857396811E+06
-4.883209069610983E+06
-4.907775649458081E+06
-4.932332179023981E+06
-4.956879912181109E+06
-4.981413937751979E+06
-5.005931307114929E+06
-5.030440088363528E+06
-5.054935614213526E+06
-5.079423108348459E+06
-5.103899592632025E+06
-5.128368643494189E+06
-5.152824090529263E+06
-5.177263898031920E+06
-5.201694772838622E+06
-5.226113082447439E+06
-5.250523618483126E+06
-5.274922462580413E+06
-5.299314517838567E+06
-5.323691961555749E+06
-5.348053289566159E+06
-5.372403275104523E+06
-5.396739682782203E+06
-5.421066789900094E+06
-5.445380604778409E+06
-5.469687638096839E+06
-5.493979478063375E+06
-5.518255825374722E+06
-5.542519841255486E+06
-5.566771257496327E+06
-5.591013570442766E+06
-5.615242881850213E+06
-5.639466413879812E+06
-5.663674968425632E+06
-5.687868643781990E+06
-5.712048194408238E+06
-5.736214861193627E+06
-5.760370697210908E+06
-5.784512099557549E+06
-5.808646619241059E+06
-5.832765108174711E+06
-5.856868447290391E+06
-5.880955707314730E+06
-5.905030367255539E+06
-5.929093512163728E+06
-5.953142635785252E+06
-5.977185370024085E+06
-6.001213095498949E+06
-6.025226942597538E+06
-6.049223940807045E+06
-6.073209030356765E+06
-6.097181545730114E+06
-6.121139659139633E+06
-6.145090076727748E+06
-6.169024867525578E+06
-6.192945046563059E+06
-6.216846049202412E+06
-6.240734465135992E+06
-6.264608533245116E+06
-6.288467986682594E+06
-6.312318910469711E+06
-6.336155117804229E+06
-6.359977617119998E+06
-6.383780756921768E+06
-6.407572318614334E+06
-6.431349233897001E+06
-6.455112304739207E+06
-6.478865988765180E+06
-6.502605510577410E+06
-6.526330939811617E+06
-6.550035459098279E+06
-6.573727347154528E+06
-6.597402479567438E+06
-6.621062963665098E+06
-6.644711912054032E+06
-6.668346897299141E+06
-6.691967520034164E+06
-6.715566917140394E+06
-6.739153924239844E+06
-6.762724028277069E+06
-6.786280586132824E+06
-6.809825078239977E+06
-6.833357157681882E+06
-6.856875157739520E+06
-6.880371896954715E+06
-6.903855546592116E+06
-6.927320987190694E+06
-6.950772182145953E+06
-6.974208825970501E+06
-6.997632773684293E+06
-7.021041328995049E+06
-7.044427947324455E+06
-7.067800313020587E+06
-7.091153834417373E+06
-7.114493436982721E+06
-7.137817662671894E+06
-7.161130730170369E+06
-7.184428899853736E+06
-7.207706335528612E+06
-7.230969271866053E+06
-7.254213404447585E+06
-7.277443558618903E+06
-7.300656685808629E+06
-7.323858585436940E+06
-7.347044217491746E+06
-7.370208620642304E+06
-7.393356357903004E+06
-7.416484203361064E+06
-7.439597114588886E+06
-7.462691484320045E+06
-7.485775062100202E+06
-7.508842314064443E+06
-7.531889746713579E+06
-7.554920138711840E+06
-7.577931565870076E+06
-7.600928407970071E+06
-7.623906324971437E+06
-7.646873898669392E+06
-7.669824669528037E+06
-7.692756025522292E+06
-7.715668290214062E+06
-7.738560791142523E+06
-7.761436985621631E+06
-7.784292455904901E+06
-7.807136598485380E+06
-7.829963029724419E+06
-7.852770699133456E+06
-7.875558122402191E+06
-7.898326562684685E+06
-7.921078641222268E+06
-7.943810356308132E+06
-7.966531213808239E+06
-7.989234893449277E+06
-8.011921170811892E+06
-8.034586140047014E+06
-8.057232295357198E+06
-8.079860622382075E+06
-8.102467463562042E+06
-8.125061709473670E+06
-8.147637597921461E+06
-8.170195843449622E+06
-8.192730874394447E+06
-8.215246978386372E+06
-8.237744137112886E+06
-8.260219996483505E+06
-8.282682846526682E+06
-8.305128177588910E+06
-8.327557384980768E+06
-8.349963302107483E+06
-8.372351293940753E+06
-8.394719709453166E+06
-8.417066998234034E+06
-8.439399741260231E+06
-8.461714490544528E+06
-8.484012652284950E+06
-8.506285764362365E+06
-8.528540089084595E+06
-8.550772861173362E+06
-8.572984040536433E+06
-8.595178875408351E+06
-8.617356000052929E+06
-8.639517146280020E+06
-8.661653471343368E+06
-8.683771921310425E+06
-8.705868759718806E+06
-8.727945134498835E+06
-8.750004207683355E+06
-8.772046230077177E+06
-8.794072258092999E+06
-8.816072913478374E+06
-8.838054854061007E+06
-8.860013375684291E+06
-8.881950682953596E+06
-8.903867999500215E+06
-8.925767759552836E+06
-8.947650745133728E+06
-8.969508257804364E+06
-8.991346881510109E+06
-9.013161875115454E+06
-9.034956676922411E+06
-9.056730730064243E+06
-9.078488471065581E+06
-9.100229839035600E+06
-9.121946684164762E+06
-9.143644350710183E+06
-9.165317738257766E+06
-9.186970622622937E+06
-9.208600385632783E+06
-9.230213102167010E+06
-9.251807838536948E+06
-9.273377697103858E+06
-9.294926890675455E+06
-9.316451024104446E+06
-9.337954600674868E+06
-9.359433885043085E+06
-9.380896839784920E+06
-9.402341966853321E+06
-9.423763955348372E+06
-9.445165306444913E+06
-9.466542223634332E+06
-9.487898939330429E+06
-9.509230252300441E+06
-9.530544948173314E+06
-9.551840494367957E+06
-9.573112980448335E+06
-9.594362822585106E+06
-9.615587266077518E+06
-9.620890144578546E+06