-2.455128792996490E+07
-2.454507287331438E+07
-2.453883660598171E+07
-2.453261038945210E+07
-2.452638841074717E+07
-2.452016400652707E+07
-2.451395619851875E+07
-2.450775170223582E+07
-2.450155706749868E+07
-2.449535080417359E+07
-2.448912706905735E+07
-2.448291202725112E+07
-2.447669017134821E+07
-2.447046975608313E+07
-2.446424773377907E+07
-2.445802568194437E+07
-2.445181673387730E+07
-2.444558809467542E+07
-2.443934968250108E+07
-2.443311098269808E+07
-2.442687143531263E+07
-2.442064467672300E+07
-2.441441290068114E+07
-2.440819657488549E+07
-2.440199446692789E+07
-2.439578029094982E+07
-2.438955876923275E+07
-2.438331625657654E+07
-2.437707158740723E+07
-2.437082501942396E+07
-2.436456425088847E+07
-2.435831908010733E+07
-2.435208290178311E+07
-2.434585690030169E+07
-2.433962938616586E+07
-2.433338641611898E+07
-2.432715369649136E+07
-2.432091289403522E+07
-2.431466476281202E+07
-2.430842027744496E+07
-2.430217616043067E+07
-2.429594755411386E+07
-2.428970498749661E+07
-2.428344950528622E+07
-2.427719518965316E+07
-2.427092939300001E+07
-2.426466671633482E+07
-2.425839812963724E+07
-2.425214171485662E+07
-2.424591003890169E+07
-2.423967321007776E+07
-2.423343739953065E+07
-2.422719139947236E+07
-2.422093792345202E+07
-2.421467862735689E+07
-2.420839444368017E+07
-2.420211803422546E+07
-2.419585121617198E+07
-2.418958884923375E+07
-2.418333286260974E+07
-2.417706729042888E+07
-2.417081299092090E+07
-2.416455324519539E+07
-2.415827859606934E+07
-2.415200967259943E+07
-2.414574083957422E+07
-2.413948699812651E+07
-2.413322854334927E+07
-2.412695814022338E+07
-2.412069427738190E+07
-2.411441492709780E+07
-2.410812665380204E+07
-2.410182851336145E+07
-2.409553256536949E+07
-2.408926181362104E+07
-2.408298961467505E+07
-2.407672502616739E+07
-2.407046697146368E+07
-2.406420335734951E+07
-2.405793563965201E+07
-2.405164050966966E+07
-2.404534340253305E+07
-2.403905292146122E+07
-2.403275731609225E+07
-2.402647014932823E+07
-2.402017933286107E+07
-2.401389951920462E+07
-2.400761999713230E+07
-2.400132039486873E+07
-2.399502567087257E+07
-2.398873098821592E+07
-2.398244579711795E+07
-2.397616365183640E+07
-2.396987399574971E+07
-2.396359920764387E+07
-2.395731315054834E+07
-2.395101012417996E+07
-2.394469603335845E+07
-2.393837222309422E+07
-2.393206373044991E+07
-2.392575190287244E+07
-2.391944707114804E+07
-2.391316240598297E+07
-2.390687838605428E+07
-2.390059665023327E+07
-2.389429430824530E+07
-2.388798375444174E+07
-2.388167809945738E+07
-2.387535763799942E+07
-2.386904097448587E+07
-2.386272554605401E+07
-2.385641905507791E+07
-2.385011826436341E+07
-2.384379608383393E+07
-2.383747712001884E+07
-2.383115847639954E+07
-2.382483888747227E+07
-2.381852537571132E+07
-2.381220881486630E+07
-2.380591312879372E+07
-2.379961683203030E+07
-2.379330342145073E+07
-2.378698341824460E+07
-2.378064691906238E+07
-2.377431235430360E+07
-2.376796852591753E+07
-2.376162209591079E+07
-2.375530059664345E+07
-2.374898507440543E+07
-2.374267680751443E+07
-2.373636087678289E+07
-2.373003738030767E+07
-2.372372019535840E+07
-2.371738228485262E+07
-2.371104062102818E+07
-2.370470390008986E+07
-2.369837135851920E+07
-2.369204767239392E+07
-2.368570630972636E+07
-2.367936643299317E+07
-2.367302815286636E+07
-2.366667783578610E+07
-2.366033088574409E+07
-2.365398164252508E+07
-2.364765288875675E+07
-2.364133518385518E+07
-2.363500533519232E+07
-2.362867840378606E+07
-2.362233893807840E+07
-2.361599153410470E+07
-2.360962948087835E+07
-2.360325208330190E+07
-2.359689480777204E+07
-2.359054298400879E+07
-2.358419700755572E+07
-2.357785706975436E+07
-2.357151470848083E+07
-2.356518191782188E+07
-2.355882965435421E+07
-2.355246711287916E+07
-2.354611159503114E+07
-2.353975449997377E+07
-2.353340644849157E+07
-2.352704749392021E+07
-2.352068903530490E+07
-2.351433643071043E+07
-2.350796426662850E+07
-2.350158835397279E+07
-2.349520820380735E+07
-2.348884074756956E+07
-2.348248943206608E+07
-2.347613084297848E+07
-2.346978591887760E+07
-2.346344128405821E+07
-2.345708573022366E+07
-2.345071653851438E+07
-2.344432425963902E+07
-2.343794121593308E+07
-2.343155813680446E+07
-2.342517264387512E+07
-2.341880090976429E+07
-2.341243186013138E+07
-2.340607547850072E+07
-2.339970697530568E+07
-2.339332428165662E+07
-2.338695040634847E+07
-2.338057081474698E+07
-2.337419593657625E+07
-2.336781737095594E+07
-2.336144018060648E+07
-2.335507528279412E+07
-2.334868937560368E+07
-2.334229335401356E+07
-2.333589208674061E+07
-2.332949028048790E+07
-2.332310032979631E+07
-2.331670434844720E+07
-2.331032692651951E+07
-2.330396419128227E+07
-2.329759423720241E+07
-2.329121887839520E+07
-2.328482204024172E+07
-2.327842480064237E+07
-2.327202244344068E+07
-2.326560528912282E+07
-2.325920090194070E+07
-2.325280213461757E+07
-2.324641546616530E+07
-2.324002544405162E+07
-2.323362116349626E+07
-2.322722804512942E+07
-2.322082725483918E+07
-2.321442309105194E+07
-2.320802128435922E+07
-2.320162186233461E+07
-2.319523989586687E+07
-2.318884287934482E+07
-2.318243416455233E+07
-2.317602278765833E+07
-2.316959879026556E+07
-2.316317657460403E+07
-2.315674457316971E+07
-2.315032588725877E+07
-2.314393100203764E+07
-2.313753417081809E+07
-2.313114190891635E+07
-2.312473944541466E+07
-2.311833363437343E+07
-2.311192172898960E+07
-2.310548465456653E+07
-2.309905415206850E+07
-2.309262925834513E+07
-2.308620996814251E+07
-2.307979419087982E+07
-2.307336752567422E+07
-2.306695320677233E+07
-2.306053213044810E+07
-2.305409911580479E+07
-2.304767117843938E+07
-2.304124454118574E+07
-2.303483651838040E+07
-2.302842366710293E+07
-2.302200177109659E+07
-2.301558508134043E+07
-2.300915193166018E+07
-2.300271003208506E+07
-2.299625301687753E+07
-2.298979708599818E+07
-2.298336428402793E+07
-2.297692996248293E+07
-2.297050590459371E+07
-2.296408774206996E+07
-2.295766886821604E+07
-2.295124806837142E+07
-2.294480010637236E+07
-2.293835183916044E+07
-2.293190743749452E+07
-2.292545881639600E+07
-2.291901657990086E+07
-2.291256776407301E+07
-2.290613070153236E+07
-2.289969125943744E+07
-2.289323294285202E+07
-2.288677869176996E+07
-2.288032350983548E+07
-2.287388179605031E+07
-2.286744317261469E+07
-2.286099993500018E+07
-2.285457313532186E+07
-2.284813545471239E+07
-2.284168327688324E+07
-2.283521580719078E+07
-2.282873698516273E+07
-2.282227154974580E+07
-2.281579931366611E+07
-2.280933478382730E+07
-2.280288838483405E+07
-2.279644548756039E+07
-2.279000800665796E+07
-2.278355026824617E+07
-2.277708792667687E+07
-2.277062965771639E+07
-2.276415807856703E+07
-2.275769048696947E+07
-2.275122066503799E+07
-2.274476086557758E+07
-2.273830443065906E+07
-2.273182580193162E+07
-2.272534928734887E+07
-2.271887015847945E+07
-2.271239286324525E+07
-2.270592070603967E+07
-2.269944671724260E+07
-2.269299700196409E+07
-2.268654765546107E+07
-2.268008547270370E+07
-2.267361557168555E+07
-2.266712842024338E+07
-2.266064301516676E+07
-2.265414383634639E+07
-2.264764127162910E+07
-2.264116014104474E+07
-2.263468456198561E+07
-2.262821899246132E+07
-2.262174477627242E+07
-2.261526638239515E+07
-2.260879544429886E+07
-2.260230551396477E+07
-2.259581402140832E+07
-2.258932484347689E+07
-2.258284199497843E+07
-2.257636723501134E+07
-2.256987285786450E+07
-2.256337976639330E+07
-2.255688446249413E+07
-2.255037782792187E+07
-2.254387275108886E+07
-2.253736389681709E+07
-2.253087842351115E+07
-2.252440428579450E+07
-2.251792257044041E+07
-2.251144542671895E+07
-2.250495603959537E+07
-2.249846165139747E+07
-2.249194966687989E+07
-2.248542106777370E+07
-2.247890943229461E+07
-2.247240041812515E+07
-2.246589854048002E+07
-2.245939967865586E+07
-2.245290004402053E+07
-2.244641195852053E+07
-2.243990493027961E+07
-2.243339089130354E+07
-2.242688269019830E+07
-2.242037538192403E+07
-2.241387851365781E+07
-2.240736914853346E+07
-2.240086167200840E+07
-2.239435695143640E+07
-2.238783232548654E+07
-2.238130237801194E+07
-2.237476390077078E+07
-2.236823925086987E+07
-2.236172975555539E+07
-2.235521528829420E+07
-2.234871699728680E+07
-2.234221980881703E+07
-2.233571706122935E+07
-2.232920022212613E+07
-2.232265989465904E+07
-2.231612827505302E+07
-2.230959305655026E+07
-2.230305557925510E+07
-2.229652804165852E+07
-2.229000229385185E+07
-2.228349066601253E+07
-2.227696564545286E+07
-2.227042930516708E+07
-2.226390119094002E+07
-2.225736900800622E+07
-2.225084489452815E+07
-2.224431600181007E+07
-2.223779103876102E+07
-2.223127782362747E+07
-2.222474353840995E+07
-2.222310758296001E+07