-2.134637041453660E+06
-2.173112534852087E+06
-2.127586346846282E+06
-2.012030964425564E+06
-1.849284094694376E+06
-1.667708005569518E+06
-1.497874763800979E+06
-1.369246105722368E+06
-1.306693788311958E+06
-1.326840756351292E+06
-1.434595462369800E+06
-1.620796478720903E+06
-1.862252189090610E+06
-2.125140719123840E+06
-2.371486423473537E+06
-2.566874376594782E+06
-2.686896225065708E+06
-2.720605714017510E+06
-2.670791491931498E+06
-2.551994905671597E+06
-2.387442876476824E+06
-2.205704169878364E+06
-2.037376580074549E+06
-1.911762462964714E+06
-1.853377432486832E+06
-1.878288747564614E+06
-1.990682159407198E+06
-2.180602666318536E+06
-2.424160175727367E+06
-2.687118067218065E+06
-2.931496271949112E+06
-3.123280408129513E+06
-3.238736595145941E+06
-3.267686130449176E+06
-3.213625282494605E+06
-3.091654857931376E+06
-2.925381259691179E+06
-2.743569682336032E+06
-2.576833855138183E+06
-2.454305889142096E+06
-2.400134194357812E+06
-2.429819953076124E+06
-2.546819292148173E+06
-2.740384602186501E+06
-2.985937971102655E+06
-3.248848250849247E+06
-3.491154103825331E+06
-3.679260459685743E+06
-3.790117900204420E+06
-3.814315419279993E+06
-3.756050763501287E+06
-3.630974767594457E+06
-3.463063113063335E+06
-3.281267660680771E+06
-3.116208021304548E+06
-2.996835927649677E+06
-2.946921489235103E+06
-2.981389516555905E+06
-3.102959681544125E+06
-3.300092380758166E+06
-3.547533611896873E+06
-3.810278009130239E+06
-4.050406858761787E+06
-4.234763119818985E+06
-4.340990901134312E+06
-4.360446725304902E+06
-4.298022829847336E+06
-4.169910855773866E+06
-4.000445671962857E+06
-3.818755936351836E+06
-3.655457084986269E+06
-3.539309718268573E+06
-3.493694905095458E+06
-3.532950889329016E+06
-3.659054763747871E+06
-3.859676332958102E+06
-4.108897131913722E+06
-4.371358463901699E+06
-4.609207230384946E+06
-4.789743063890457E+06
-4.891312418766081E+06
-4.906038605353296E+06
-4.839501673715651E+06
-4.708424195195854E+06
-4.537490438145161E+06
-4.355995789962947E+06
-4.194541705306411E+06
-4.081687141141593E+06
-4.040412951780319E+06
-4.084460817429721E+06
-4.215058836203337E+06
-4.419088646763861E+06
-4.669979814544261E+06
-4.932041417393684E+06
-5.167509298930645E+06
-5.344157307996988E+06
-5.441042573720813E+06
-5.451054108289838E+06
-5.380452629271328E+06
-5.246482189056933E+06
-5.074166092608452E+06
-4.892956613441110E+06
-4.733430926075578E+06
-4.623935903645515E+06
-4.587041366790175E+06
-4.635882509562671E+06
-4.770933046247840E+06
-4.978288548082411E+06
-5.230739867921174E+06
-5.492285099527895E+06
-5.725272274177790E+06
-5.897967066486478E+06
-5.990144545495212E+06
-5.995457958421946E+06
-5.920841259229302E+06
-5.784050481128275E+06
-5.610438144434154E+06
-5.429603459185183E+06
-5.272089386077702E+06
-5.166019824485481E+06
-5.133542503172874E+06
-5.187176234152317E+06
-5.326634948882103E+06
-5.537231596478164E+06
-5.791131657695115E+06
-6.052044107957244E+06
-6.282451983231008E+06
-6.451129641153991E+06
-6.538577557657123E+06
-6.539210998968124E+06
-6.460629946582437E+06
-6.321092350333571E+06
-6.146269874838948E+06
-5.965898738815010E+06
-5.810477599451423E+06
-5.707897068803430E+06
-5.679871629759073E+06
-5.738294217008233E+06
-5.882113792455137E+06
-6.095864339950502E+06
-6.351100362534642E+06
-6.611263568725944E+06
-6.838995136227489E+06
-7.003594409910977E+06
-7.086293451214910E+06
-7.082267318781614E+06
-6.999774073374271E+06
-6.857564248191237E+06
-6.681618457548678E+06
-6.501800114300489E+06
-6.348553428637087E+06
-6.249524851244152E+06
-6.225984890613735E+06
-6.289190797477245E+06
-6.437322354898810E+06
-6.654138415558100E+06
-6.910597079393089E+06
-7.169895095196366E+06
-7.394854423615396E+06
-7.555315791915298E+06
-7.633248763494611E+06
-7.624585362841547E+06
-7.538233854021728E+06
-7.393427286049068E+06
-7.216445321847081E+06
-7.037268591809332E+06
-6.886276923301160E+06
-6.790861917019904E+06
-6.771838958561182E+06
-6.839820440677822E+06
-6.992212545261979E+06
-7.212004210007071E+06
-7.469572248898149E+06
-7.727890832561314E+06
-7.949985152051210E+06
-8.106252316488504E+06
-8.179405104287863E+06
-8.166129305332303E+06
-8.075975546733737E+06
-7.928649512942076E+06
-7.750719646577656E+06
-7.572273931005895E+06
-7.423617507804692E+06
-7.331876597232997E+06
-7.317400557573199E+06
-7.390147844561756E+06
-7.546747247464240E+06
-7.769422697611213E+06
-8.027985538818955E+06
-8.285210057674468E+06
-8.504347140395761E+06
-8.656365580054998E+06
-8.724725756032109E+06
-8.706863916350365E+06
-8.612964573553145E+06
-8.463196352508724E+06
-8.284406567154229E+06
-8.106780579545438E+06
-7.960538829367876E+06
-7.872530978590190E+06
-7.862629627710283E+06
-7.940130176692724E+06
-8.100880863076866E+06
-8.326346647623181E+06
-8.585789376629710E+06
-8.841806378568232E+06
-9.057895942215741E+06
-9.205612943951964E+06
-9.269170017623305E+06
-9.246749989829898E+06
-9.149163137424886E+06
-8.997030715153277E+06
-8.817468857819021E+06
-8.640750464356720E+06
-8.497001086329281E+06
-8.412783274944961E+06
-8.407481650475502E+06
-8.489720052584827E+06
-8.654562871375740E+06
-8.882722670975924E+06
-9.142928871352136E+06
-9.397624865994394E+06
-9.610578491221189E+06
-9.753944093276381E+06
-9.812690224057555E+06
-9.785742008274376E+06
-9.684526906123757E+06
-9.530109118002295E+06
-9.349863518731654E+06
-9.174140781828701E+06
-9.032961198566735E+06
-8.952589291143417E+06
-8.951911076044440E+06
-9.038870209905267E+06
-9.207744883221805E+06
-9.438501869596303E+06
-9.699355270056784E+06
-9.952617820984364E+06
-1.016234823117799E+07
-1.030131421969646E+07
-1.035524341220820E+07
-1.032379886378032E+07
-1.021901641261661E+07
-1.006239295273179E+07
-9.881552292215466E+06
-9.706912879333079E+06
-9.568379769768059E+06
-9.491908382042527E+06
-9.495875346411824E+06
-9.587535811680436E+06
-9.760379546751440E+06
-9.993635516705155E+06
-1.025502012113100E+07
-1.050673869681990E+07
-1.071316192121524E+07
-1.084768325821334E+07
-1.089679255285686E+07
-1.086088590683270E+07
-1.075259888985866E+07
-1.059385101775557E+07
-1.041250476214945E+07
-1.023903654108548E+07
-1.010322563188761E+07
-1.003070783040738E+07
-1.003933967890495E+07
-1.013567988213754E+07
-1.031242803870744E+07
-1.054808298813224E+07
-1.080988185767913E+07
-1.105994583463120E+07
-1.126297876763028E+07
-1.139301223874867E+07
-1.143730038359100E+07
-1.139696731382674E+07
-1.128523910655892E+07
-1.112444806348556E+07
-1.094268544673818E+07
-1.077047571363419E+07
-1.063746203955781E+07
-1.056894927975893E+07
-1.058226344177270E+07
-1.068325885392457E+07
-1.086384397007072E+07
-1.110179652608490E+07
-1.136389276931173E+07
-1.161219331752396E+07
-1.181175507253939E+07
-1.193725956133431E+07
-1.197672717311686E+07
-1.193200461581701E+07
-1.181689961171669E+07
-1.165414687443733E+07
-1.147205666402668E+07
-1.130119145483100E+07
-1.117104811747563E+07
-1.110658973638690E+07
-1.112460105622500E+07
-1.123022448363882E+07
-1.141457621242440E+07
-1.165472246911007E+07
-1.191699795072591E+07
-1.216342624137044E+07
-1.235943773490709E+07
-1.248037467040884E+07
-1.251502494272506E+07
-1.246595201031923E+07
-1.234753591156024E+07
-1.218290403799635E+07
-1.200057555303204E+07
-1.183114119024533E+07
-1.170394084483498E+07
-1.164358497819805E+07
-1.166630677185965E+07
-1.177652933078086E+07
-1.196457653714961E+07
-1.220681251640415E+07
-1.246914990307218E+07
-1.271359863678294E+07
-1.290598232730967E+07
-1.302231495756900E+07
-1.305215275651366E+07
-1.299877004630238E+07
-1.287710979149199E+07
-1.271068182547766E+07
-1.252820442349124E+07
-1.236028650782508E+07
-1.223610082591170E+07
-1.217989408345127E+07
-1.220733746237636E+07
-1.232212768843359E+07
-1.251379642580742E+07
-1.275801674123603E+07
-1.302029886358869E+07
-1.326266273776013E+07
-1.345134433949667E+07
-1.356303927255076E+07
-1.358807279509032E+07
-1.353042353455073E+07
-1.340558820253217E+07
-1.323744877112448E+07
-1.305491259410983E+07
-1.288859676040602E+07
-1.276749627992916E+07
-1.271548353168786E+07
-1.274765742298096E+07
-1.286698174372596E+07
-1.306219655983907E+07
-1.330829466371286E+07
-1.357040431398141E+07
-1.381057865752149E+07
-1.399548527128226E+07
-1.410251089098829E+07
-1.412274947721040E+07
-1.406087763671833E+07
-1.393293616609251E+07
-1.376316955213571E+07
-1.358066419943470E+07
-1.341603543926197E+07
-1.329808994826084E+07
-1.325031448124957E+07
-1.328722559942788E+07
-1.341104738677877E+07
-1.360973007741147E+07
-1.385759789156818E+07
-1.411941769932485E+07
-1.435729928774685E+07
-1.440896855731618E+07