-2.958620404125016E-01
-2.958613480465517E-01
-2.958052463561431E-01
-2.958823899095389E-01
-2.958210937761963E-01
-2.958280302593064E-01
-2.958170575679060E-01
-2.957346841367241E-01
-2.957208944422749E-01
-2.956586101258443E-01
-2.957353272829260E-01
-2.956566918989352E-01
-2.956642028322314E-01
-2.956238233075772E-01
-2.955461119919811E-01
-2.955003406045860E-01
-2.954259371867438E-01
-2.954951203885194E-01
-2.954101720200135E-01
-2.954297944876514E-01
-2.953802003916979E-01
-2.953307622726731E-01
-2.952732892193721E-01
-2.952083234780416E-01
-2.952764683834010E-01
-2.951940805273818E-01
-2.952182919430590E-01
-2.951494389920615E-01
-2.951103904696522E-01
-2.950194551391057E-01
-2.949445090660363E-01
-2.949866098257194E-01
-2.948968218308006E-01
-2.949142954589414E-01
-2.948299525766676E-01
-2.948091942003166E-01
-2.947020160773863E-01
-2.946398199403024E-01
-2.946737054446800E-01
-2.946016599850247E-01
-2.946245449834104E-01
-2.945379593987281E-01
-2.945346271897857E-01
-2.944069832066767E-01
-2.943446442074180E-01
-2.943473749569454E-01
-2.942745814595487E-01
-2.942768396603057E-01
-2.941735331658590E-01
-2.941715091901249E-01
-2.940221405525105E-01
-2.939633353040498E-01
-2.939440642648661E-01
-2.938910431540211E-01
-2.938903794697492E-01
-2.937967498750915E-01
-2.938114283777971E-01
-2.936593467023358E-01
-2.936104141344311E-01
-2.935671469698542E-01
-2.935264403217031E-01
-2.935038011029221E-01
-2.934032994028679E-01
-2.934074725947662E-01
-2.932367336624706E-01
-2.931789405683409E-01
-2.931016962024842E-01
-2.930713909737774E-01
-2.930307342511222E-01
-2.929406385045776E-01
-2.929486445019407E-01
-2.927868416146293E-01
-2.927393678555505E-01
-2.926481538608325E-01
-2.926396837376990E-01
-2.925846430177355E-01
-2.925042436390162E-01
-2.925000471320354E-01
-2.923350841754861E-01
-2.922733984844201E-01
-2.921486484192224E-01
-2.921395990881299E-01
-2.920551688627426E-01
-2.919784734265702E-01
-2.919583916878881E-01
-2.918040952253536E-01
-2.917406127258078E-01
-2.916065221918582E-01
-2.916157653600107E-01
-2.915241858815518E-01
-2.914687538969427E-01
-2.914397410104805E-01
-2.913028031489342E-01
-2.912282655136846E-01
-2.910756999081199E-01
-2.910797518497557E-01
-2.909612862509536E-01
-2.909047774161422E-01
-2.908458265691320E-01
-2.907166987201846E-01
-2.906229629731836E-01
-2.904597286380086E-01
-2.904646162035420E-01
-2.903399691090232E-01
-2.903022447074033E-01
-2.902346323313241E-01
-2.901355634337066E-01
-2.900354430014280E-01
-2.898741096789397E-01
-2.898741451294993E-01
-2.897387538707061E-01
-2.897017923959992E-01
-2.896054204688481E-01
-2.895149005970175E-01
-2.893858487502738E-01
-2.892135944877843E-01
-2.891927338676392E-01
-2.890481793140358E-01
-2.890142780203724E-01
-2.889038691153900E-01
-2.888403060419482E-01
-2.887040937322121E-01
-2.885466026493184E-01
-2.885187087873131E-01
-2.883823488944164E-01
-2.883529149247774E-01
-2.882280181064132E-01
-2.881785997545834E-01
-2.880188723720662E-01
-2.878577916512273E-01
-2.877963631356149E-01
-2.876520029493568E-01
-2.876073670163481E-01
-2.874629721340949E-01
-2.874243701011163E-01
-2.872512947257511E-01
-2.871038177450915E-01
-2.870259939905255E-01
-2.868995025900372E-01
-2.868566821554095E-01
-2.867139109991275E-01
-2.866926175375912E-01
-2.865120393471305E-01
-2.863734335929631E-01
-2.862642787539724E-01
-2.861395364226871E-01
-2.860727255112456E-01
-2.859137414993405E-01
-2.858856796902751E-01
-2.856880211497805E-01
-2.855520742217150E-01
-2.854135916429401E-01
-2.853027505042589E-01
-2.852258128541219E-01
-2.850759845956348E-01
-2.850580831592251E-01
-2.848681029991393E-01
-2.847488436779124E-01
-2.845902929520494E-01
-2.844939251106942E-01
-2.843965190893689E-01
-2.842445373562916E-01
-2.842112520056679E-01
-2.840114060693852E-01
-2.838851697356422E-01
-2.836912030644974E-01
-2.835971501586640E-01
-2.834746438850435E-01
-2.833287005303919E-01
-2.832877006917847E-01
-2.831014159270948E-01
-2.829872515076586E-01
-2.827833096012267E-01
-2.827084879231707E-01
-2.825741388199776E-01
-2.824423061352466E-01
-2.823866753095370E-01
-2.822079678195584E-01
-2.820857774496144E-01
-2.818551720503408E-01
-2.817739826557220E-01
-2.816082483090145E-01
-2.814757691419478E-01
-2.813930192860807E-01
-2.812248772030439E-01
-2.810990139598575E-01
-2.808616985669090E-01
-2.807900824891365E-01
-2.806173736315865E-01
-2.805055809620747E-01
-2.804108004760648E-01
-2.802671507956864E-01
-2.801379418044414E-01
-2.798943728404346E-01
-2.798150893584213E-01
-2.796199986732337E-01
-2.795058573446934E-01
-2.793757490468587E-01
-2.792387181715394E-01
-2.790897170899842E-01
-2.788388666691732E-01
-2.787489698947212E-01
-2.785453598792702E-01
-2.784433421008510E-01
-2.782991224894880E-01
-2.781912404743725E-01
-2.780411640276466E-01
-2.778038584808415E-01
-2.777074493205958E-01
-2.775003371401539E-01
-2.773998709447780E-01
-2.772283639251767E-01
-2.771285999313609E-01
-2.769542850156692E-01
-2.767132717726004E-01
-2.765880707435215E-01
-2.763700887798390E-01
-2.762635428025755E-01
-2.760719351118381E-01
-2.759901104567675E-01
-2.758100383264104E-01
-2.755904960648610E-01
-2.754550253845580E-01
-2.752496829528086E-01
-2.751468415874574E-01
-2.749451570606039E-01
-2.748757255992902E-01
-2.746811836998377E-01
-2.744688598336786E-01
-2.742996749929620E-01
-2.740882274825767E-01
-2.739642169793832E-01
-2.737404507040297E-01
-2.736693319386019E-01
-2.734611543879644E-01
-2.732641525855595E-01
-2.730743826377924E-01
-2.728794487669695E-01
-2.727527052378944E-01
-2.725330009669604E-01
-2.724727528906601E-01
-2.722655648659718E-01
-2.720875586995577E-01
-2.718728320549846E-01
-2.716841394680158E-01
-2.715333041099890E-01
-2.713005509814375E-01
-2.712233191925471E-01
-2.710009606423713E-01
-2.708261655632658E-01
-2.705809148876543E-01
-2.704005412151171E-01
-2.702327941875966E-01
-2.700075858347546E-01
-2.699286183144056E-01
-2.697172884924259E-01
-2.695639787831228E-01
-2.693071098820483E-01
-2.691439454529276E-01
-2.689592826413070E-01
-2.687383035562778E-01
-2.686382092757968E-01
-2.684221974994268E-01
-2.682649134642272E-01
-2.679785442811435E-01
-2.678126162620487E-01
-2.675986054822732E-01
-2.673801089152943E-01
-2.672584504283249E-01
-2.670531867713448E-01
-2.669062001242928E-01
-2.666167445483576E-01
-2.664674728826668E-01
-2.662446785030688E-01
-2.660445857600702E-01
-2.659049515828324E-01
-2.657121334263528E-01
-2.655621391668865E-01
-2.652588544438244E-01
-2.651019358582474E-01
-2.648500081538345E-01
-2.646477638774734E-01
-2.644713616251084E-01
-2.642831724547325E-01
-2.641245001494372E-01
-2.638195786508879E-01
-2.636648172656137E-01
-2.634062446644583E-01
-2.632232556676035E-01
-2.630310002140845E-01
-2.628667072172228E-01
-2.627081370771807E-01
-2.624116100333027E-01
-2.622506996032454E-01
-2.619775917883311E-01
-2.617941723683526E-01
-2.615651323396957E-01
-2.614023183709362E-01
-2.612211844341066E-01
-2.609233650876148E-01
-2.607444093801985E-01
-2.604618190605463E-01
-2.602841841373915E-01
-2.600362738964686E-01
-2.598941797775236E-01
-2.597109914830784E-01
-2.594371415192338E-01
-2.592527680695698E-01
-2.589750275659291E-01
-2.588015673838417E-01
-2.585315710036977E-01
-2.583938529410355E-01
-2.581884692519401E-01
-2.579197351401827E-01
-2.577048524134691E-01
-2.574176407657771E-01
-2.572317271343674E-01
-2.569387688071023E-01
-2.568052204525895E-01
-2.565892058722681E-01
-2.563453032838492E-01
-2.561191823594871E-01
-2.558485571890134E-01
-2.556660474368031E-01
-2.553696777283894E-01
-2.552433524010405E-01
-2.550171822547438E-01
-2.547899506646929E-01
-2.545358330970702E-01
-2.542644102883682E-01
-2.540591278752840E-01
-2.537433244517824E-01
-2.536021790673897E-01
-2.533574743916862E-01
-2.531438083822422E-01
-2.528679519471240E-01
-2.526113956378899E-01
-2.523992725949444E-01
-2.520912760523277E-01
-2.519518821719542E-01
-2.517099285433129E-01
-2.515205001983407E-01
-2.512295102198001E-01
-2.509855357908721E-01
-2.507529529629111E-01
-2.504400979712575E-01
-2.502759314212106E-01
-2.500175913827576E-01
-2.498291004216187E-01
-2.495105677061380E-01
-2.492709344337496E-01
-2.490166729846193E-01
-2.487115943853793E-01
-2.485335398670885E-01
-2.482825497507117E-01
-2.481133439989449E-01
-2.477922677539510E-01
-2.475725851708970E-01
-2.473067338088417E-01
-2.470150983927684E-01
-2.468134601274827E-01
-2.465597087173013E-01
-2.463862215776453E-01
-2.460452542543332E-01
-2.458211244600395E-01
-2.455256050305463E-01
-2.454805124928514E-01