5.741783064386929E-01
5.174597592320929E-01
4.603407804427739E-01
4.028678951422968E-01
3.450878857594510E-01
2.870477495398251E-01
2.287946559349692E-01
1.703759039661623E-01
1.118388796140852E-01
5.323101329272717E-02
-5.400262545647294E-03
-6.400755562314586E-02
-1.225435558165788E-01
-1.809610768563399E-01
-2.392130976963500E-01
-2.972528035084494E-01
-3.550336262559721E-01
-4.125092848023559E-01
-4.696338245119094E-01
-5.263616563010256E-01
-5.826475950992513E-01
-6.384468976864870E-01
-6.937152998613278E-01
-7.484090529131446E-01
-8.024849593602887E-01
-8.559004079238743E-01
-9.086134077070067E-01
-9.605826215512643E-01
-1.011767398543816E+00
-1.062127805650704E+00
-1.111624658453255E+00
-1.160219550966650E+00
-1.207874884521365E+00
-1.254553895690007E+00
-1.300220683243973E+00
-1.344840234125940E+00
-1.388378448426288E+00
-1.430802163353194E+00
-1.472079176186163E+00
-1.512178266211626E+00
-1.551069215625244E+00
-1.588722829407837E+00
-1.625110954167152E+00
-1.660206495945713E+00
-1.693983436996401E+00
-1.726416851528406E+00
-1.757482920427694E+00
-1.787158944957149E+00
-1.815423359442928E+00
-1.842255742954780E+00
-1.867636829989234E+00
-1.891548520165948E+00
-1.913973886948599E+00
-1.934897185394307E+00
-1.954303858957521E+00
-1.972180545337388E+00
-1.988515081407259E+00
-2.003296507212996E+00
-2.016515069063886E+00
-2.028162221725313E+00
-2.038230629723111E+00
-2.046714167770153E+00
-2.053607920326568E+00
-2.058908180305580E+00
-2.062612446937761E+00
-2.064719422807184E+00
-2.065229010073649E+00
-2.064142305895932E+00
-2.061461597071679E+00
-2.057190353924092E+00
-2.051333223434407E+00
-2.043896021658300E+00
-2.034885725439925E+00
-2.024310463443940E+00
-2.012179506527068E+00
-1.998503257469122E+00
-1.983293240082481E+00
-1.966562087718021E+00
-1.948323531184582E+00
-1.928592386098062E+00
-1.907384539675284E+00
-1.884716936986844E+00
-1.860607566682147E+00
-1.835075446198923E+00
-1.808140606468546E+00
-1.779824076131070E+00
-1.750147865262611E+00
-1.719134948643903E+00
-1.686809248550398E+00
-1.653195617102326E+00
-1.618319818169796E+00
-1.582208508843731E+00
-1.544889220483338E+00
-1.506390339350408E+00
-1.466741086840719E+00
-1.425971499322371E+00
-1.384112407590815E+00
-1.341195415950032E+00
-1.297252880929089E+00
-1.252317889643088E+00
-1.206424237807301E+00
-1.159606407387345E+00
-1.111899543914260E+00
-1.063339433454820E+00
-1.013962479208583E+00
-9.638056777770370E-01
-9.129065950778195E-01
-8.613033419154146E-01
-8.090345492193070E-01
-7.561393429596350E-01
-7.026573187499743E-01
-6.486285161461183E-01
-5.940933926490750E-01
-5.390927974199844E-01
-4.836679447137993E-01
-4.278603870381659E-01
-3.717119880430992E-01
-3.152648951286139E-01
-2.585615118112354E-01
-2.016444698175874E-01
-1.445566009325674E-01
-8.734090860052568E-02
-3.004053928789041E-02
2.730124638559417E-02
8.464110273918024E-02
1.419356283384303E-01
1.991413955086028E-01
2.562149800443194E-01
3.131129911053065E-01
3.697921012872776E-01
4.262090768564732E-01
4.823208081357269E-01
5.380843400294051E-01
5.934569026722745E-01
6.483959421900529E-01
7.028591515546907E-01
7.568045015191309E-01
8.101902716148004E-01
8.629750811941221E-01
9.151179204997266E-01
9.665781817410171E-01
1.017315690158089E+00
1.067290735052021E+00
1.116464100759726E+00
1.164797097550776E+00
1.212251592422648E+00
1.258790039770121E+00
1.304375511903627E+00
1.348971729390486E+00
1.392543091192534E+00
1.435054704572668E+00
1.476472414740012E+00
1.516762834209231E+00
1.555893371838955E+00
1.593832261521914E+00
1.630548590495350E+00
1.666012327239697E+00
1.700194348933367E+00
1.733066468430883E+00
1.764601460731322E+00
1.794773088903666E+00
1.823556129435177E+00
1.850926396968668E+00
1.876860768393984E+00
1.901337206258805E+00
1.924334781467237E+00
1.945833695227492E+00
1.965815300214794E+00
1.984262120920886E+00
2.001157873147887E+00
2.016487482617866E+00
2.030237102664059E+00
2.042394130970553E+00
2.052947225328108E+00
2.061886318374621E+00
2.069202631289631E+00
2.074888686413082E+00
2.078938318759477E+00
2.081346686399330E+00
2.082110279680740E+00
2.081226929264779E+00
2.078695812955093E+00
2.074517461291360E+00
2.068693761890191E+00
2.061227962514108E+00
2.052124672846694E+00
2.041389864960023E+00
2.029030872459132E+00
2.015056388290398E+00
1.999476461202728E+00
1.982302490852556E+00
1.963547221545702E+00
1.943224734611220E+00
1.921350439404438E+00
1.897941062938452E+00
1.873014638145424E+00
1.846590490771080E+00
1.818689224911221E+00
1.789332707193061E+00
1.758544049618779E+00
1.726347591077351E+00
1.692768877545348E+00
1.657834640991258E+00
1.621572777003397E+00
1.584012321163560E+00
1.545183424190623E+00
1.505117325880367E+00
1.463846327869842E+00
1.421403765256710E+00
1.377823977105999E+00
1.333142275878796E+00
1.287394915819495E+00
1.240619060340256E+00
1.192852748439291E+00
1.144134860200955E+00
1.094505081411159E+00
1.044003867344188E+00
9.926724057555383E-01
9.405525791338487E-01
8.876869262587004E-01
8.341186031126746E-01
7.798913431972601E-01
7.250494173038078E-01
6.696375927919842E-01
6.137010924296327E-01
5.572855528493967E-01
5.004369826787904E-01
4.432017204018610E-01
3.856263920119698E-01
3.277578685145777E-01
2.696432233152581E-01
2.113296895895669E-01
1.528646175973769E-01
9.429543207309976E-02
3.566958968427159E-02
-2.296546338329186E-02
-8.156233365745891E-02
-1.400737223741615E-01
-1.984524671811858E-01
-2.566515835002061E-01
-3.146243054973787E-01
-3.723241266147763E-01
-4.297048396164929E-01
-4.867205761049647E-01
-5.433258454647998E-01
-5.994755732270942E-01
-6.551251387530748E-01
-7.102304122651848E-01
-7.647477911554699E-01
-8.186342355493021E-01
-8.718473030922897E-01
-9.243451829308178E-01
-9.760867288585526E-01
-1.027031491602916E+00
-1.077139750227422E+00
-1.126372542627479E+00
-1.174691695099142E+00
-1.222059850962035E+00
-1.268440498219409E+00
-1.313797996240236E+00
-1.358097601449847E+00
-1.401305492017730E+00
-1.443388791531230E+00
-1.484315591650498E+00
-1.524054973731733E+00
-1.562577029420224E+00
-1.599852880206035E+00
-1.635854695941042E+00
-1.670555712316865E+00
-1.703930247304836E+00
-1.735953716560156E+00
-1.766602647793780E+00
-1.795854694116654E+00
-1.823688646362310E+00
-1.850084444394967E+00
-1.875023187411546E+00
-1.898487143247295E+00
-1.920459756691947E+00
-1.940925656832362E+00
-1.959870663430216E+00
-1.977281792346304E+00
-1.993147260028037E+00
-2.007456487071544E+00
-2.020200100873038E+00
-2.031369937384634E+00
-2.040959041990011E+00
-2.048961669515481E+00
-2.055373283392444E+00
-2.060190553987411E+00
-2.063411356116017E+00
-2.065034765757798E+00
-2.065061055988701E+00
-2.063491692148623E+00
-2.060329326257514E+00
-2.055577790702542E+00
-2.049242091208377E+00
-2.041328399108425E+00
-2.031844042934629E+00
-2.020797499341053E+00
-2.008198383377473E+00
-1.994057438128942E+00
-1.978386523736898E+00
-1.961198605817027E+00
-1.942507743288758E+00
-1.922329075630923E+00
-1.900678809577740E+00
-1.877574205268942E+00
-1.853033561867522E+00
-1.827076202658211E+00
-1.799722459638179E+00
-1.770993657614170E+00
-1.740912097815314E+00
-1.709501041035184E+00
-1.676784690312303E+00
-1.642788173160340E+00
-1.607537523357949E+00
-1.571059662307779E+00
-1.533382379973899E+00
-1.494534315406375E+00
-1.454544936861548E+00
-1.413444521525975E+00
-1.371264134851812E+00
-1.328035609510950E+00
-1.283791523974826E+00
-1.238565180726529E+00
-1.192390584112147E+00
-1.145302417837018E+00
-1.097336022112174E+00
-1.048527370458864E+00
-9.989130461739091E-01
-9.485302184629045E-01
-8.974166182462078E-01
-8.456105136426135E-01
-7.931506851357444E-01
-7.400764004281797E-01
-6.864273889881503E-01
-6.322438162940802E-01
-5.775662577817577E-01
-5.224356724993999E-01
-4.668933764755110E-01
-4.109810158047704E-01
-3.547405394593941E-01
-2.982141718287306E-01
-2.414443849945158E-01
-1.844738707499918E-01
-1.273455123663183E-01
-7.010235611514481E-02
-1.278758255468304E-02
4.455552241314997E-02
1.018835967062177E-01
1.591532314374415E-01
2.163210004924938E-01
2.733434902999541E-01
3.301773297834352E-01
3.867792204845824E-01
4.431059668453425E-01
4.991145066372802E-01
5.547619415232141E-01
6.100055677402256E-01
6.648029068864609E-01
7.191117367983253E-01
7.728901225010851E-01
8.260964472160079E-01
8.786894434064560E-01
9.306282238442094E-01
9.818723126766749E-01
9.945700877396870E-01