3.056877965721629E+00
2.710334471640698E+00
3.187751697436404E+00
4.377591499246973E+00
6.092813380526290E+00
8.099505068935743E+00
1.013662070288418E+01
1.193179224470092E+01
1.322126541160654E+01
1.378145392414630E+01
1.347450607707589E+01
1.229886433451193E+01
1.042146606742111E+01
8.163586862179281E+00
5.930434049276021E+00
4.109202898191061E+00
2.981244997924775E+00
2.680794539090282E+00
3.200785634162623E+00
4.424649797766054E+00
6.162109658414828E+00
8.177327092138665E+00
1.020822291917162E+01
1.198233027716040E+01
1.323715435849849E+01
1.375252331321745E+01
1.339676703068460E+01
1.217697270204327E+01
1.026936240800640E+01
8.002036892861366E+00
5.781932801462926E+00
3.992428855573184E+00
2.907457882222113E+00
2.653072239894168E+00
3.215286909533305E+00
4.472603855767609E+00
6.231602105036965E+00
8.254552936929217E+00
1.027840945064727E+01
1.203065067051305E+01
1.325015705132186E+01
1.372030881756353E+01
1.331576366127935E+01
1.205235755065457E+01
1.011552618068874E+01
7.839988859776746E+00
5.634093158643990E+00
3.877140800240578E+00
2.835538411121023E+00
2.627169989301840E+00
3.231237110234861E+00
4.521420204528200E+00
6.301235309788807E+00
8.331134354820760E+00
1.034713422029611E+01
1.207673089047219E+01
1.326026395273977E+01
1.368481339828403E+01
1.323152171682814E+01
1.192505534810531E+01
9.960025443672306E+00
7.677511952470089E+00
5.486975324516777E+00
3.763372611286789E+00
2.765482313583481E+00
2.603068543911425E+00
3.248606849579398E+00
4.571072291929307E+00
6.370987724519928E+00
8.407044043174558E+00
1.041436969912879E+01
1.212053784147262E+01
1.326746007307958E+01
1.364604510676074E+01
1.314407631468769E+01
1.179513327572570E+01
9.802930374547765E+00
7.514692989470438E+00
5.340651530266145E+00
3.651184568893027E+00
2.697336266387147E+00
2.580784124156835E+00
3.267395118196575E+00
4.621531047335205E+00
6.440824860321086E+00
8.482242645176560E+00
1.048007974848232E+01
1.216204462543652E+01
1.327172142498627E+01
1.360400514404015E+01
1.305345256748181E+01
1.166265038950703E+01
9.644324755070151E+00
7.351600265177337E+00
5.195172668674317E+00
3.540593153483943E+00
2.631095445648136E+00
2.560305024484294E+00
3.287579285423464E+00
4.672780185956327E+00
6.510714707175559E+00
8.556695163879356E+00
1.054421861319576E+01
1.220120844045737E+01
1.327302265354724E+01
1.355867899163088E+01
1.295966945870986E+01
1.152764141146540E+01
9.484268001134852E+00
7.188303017580134E+00
5.050592197333721E+00
3.431629127235193E+00
2.566747423454621E+00
2.541588128704571E+00
3.309098807747978E+00
4.724746396049187E+00
6.580590726876990E+00
8.630332596150899E+00
1.060672770260276E+01
1.223797298174565E+01
1.327131818817639E+01
1.351004749411782E+01
1.286272910572470E+01
1.139014561635446E+01
9.322800759687341E+00
7.024838511789299E+00
4.906934485992097E+00
3.324296772612906E+00
2.504298476445878E+00
2.524625451901714E+00
3.331939908115880E+00
4.777404806316000E+00
6.650417990517326E+00
8.703118722174542E+00
1.066756269248747E+01
1.227230378660387E+01
1.326657791583002E+01
1.345810103965716E+01
1.276265386361689E+01
1.125021434839471E+01
9.160015607572978E+00
6.861301160348798E+00
4.764277654634574E+00
3.218643212623910E+00
2.443748668023565E+00
2.509397873308728E+00
3.356060978110493E+00
4.830716417985499E+00
6.720155955967487E+00
8.775015174196737E+00
1.072669985836204E+01
1.230418503319171E+01
1.325881684588754E+01
1.340286826738545E+01
1.265949622562147E+01
1.110791223151308E+01
8.995971640863150E+00
6.697753083540976E+00
4.622668232042780E+00
3.114707978636746E+00
2.385126241926959E+00
2.495914663139446E+00
3.381465876995571E+00
4.884667179545652E+00
6.789785434423149E+00
8.845990810419995E+00
1.078409805224122E+01
1.233357474279093E+01
1.324799187561397E+01
1.334434283416835E+01
1.255328542805263E+01
1.096331755533666E+01
8.830770783039075E+00
6.534281968118735E+00
4.482174949434865E+00
3.012514721412566E+00
2.328432108373560E+00
2.484156306038960E+00
3.408119237173330E+00
4.939216170522552E+00
6.859256459194573E+00
8.916005236136719E+00
1.083972369978428E+01
1.236045761023951E+01
1.323410422782349E+01
1.328253290188810E+01
1.244404341602124E+01
1.081645129106419E+01
8.664443977469105E+00
6.370924647002539E+00
4.342815705555559E+00
2.912070594518403E+00
2.273640099814799E+00
2.474084837154187E+00
3.435973536599121E+00
4.994311697858958E+00
6.928516101588773E+00
8.984986897480830E+00
1.089350305748181E+01
1.238475011924216E+01
1.321709274487525E+01
1.321741329202117E+01
1.233179060330022E+01
1.066738195136708E+01
8.497067157292468E+00
6.207748658439378E+00
4.204636163227503E+00
2.813391826066727E+00
2.220753196661695E+00
2.465677034038429E+00
3.464994548877653E+00
5.049908346143919E+00
6.997517364007239E+00
9.052905321708948E+00
1.094541066632058E+01
1.240644577022374E+01
1.319694805282273E+01
1.314898938747199E+01
1.221654878950021E+01
1.051614884402736E+01
8.328709264209818E+00
6.044816386318639E+00
4.067691922439010E+00
2.716501708858565E+00
2.169767171310168E+00
2.458920000941887E+00
3.495159206050396E+00
5.105983605146647E+00
7.066226468268549E+00
9.119719037453676E+00
1.099540622785310E+01
1.242551361070697E+01
1.317367475461570E+01
1.307729495529340E+01
1.209838828099888E+01
1.036284180857233E+01
8.159456336981252E+00
5.882216923821435E+00
3.932040157149656E+00
2.621444683028292E+00
2.120699403066092E+00
2.453807409713916E+00
3.526448303461116E+00
5.162505221670742E+00
7.134622196894485E+00
9.185404865668692E+00
1.104347342538376E+01
1.244193209295972E+01
1.314725317873549E+01
1.300233092913621E+01
1.197733072076871E+01
1.020751421822320E+01
7.989374402376783E+00
5.720001214219593E+00
3.797721801210101E+00
2.528233905235090E+00
2.073555649316515E+00
2.450333859808992E+00
3.558842283689066E+00
5.219443109527660E+00
7.202647931546864E+00
9.249906898261665E+00
1.108955247431961E+01
1.245566831412801E+01
1.311767526000097E+01
1.292411463149651E+01
1.185342581653447E+01
1.005022457631604E+01
7.818537860147694E+00
5.558231783319492E+00
3.664768968777258E+00
2.436866162314878E+00
2.028290203903045E+00
2.448437139477111E+00
3.592273697713389E+00
5.276734540683949E+00
7.270254480007174E+00
9.313170824465253E+00
1.113359074491254E+01
1.246665789870133E+01
1.308489111937016E+01
1.284262360862072E+01
1.172668111284166E+01
9.891018702338842E+00
7.646987738746660E+00
5.396954083950789E+00
3.533207290314320E+00
2.347357066910408E+00
1.984914737694525E+00
2.448109786347406E+00
3.626722767016195E+00
5.334337211653601E+00
7.337393791576464E+00
9.375150264144652E+00
1.117555075267586E+01
1.247488416477488E+01
1.304889725235139E+01
1.275788182152538E+01
1.159714703564222E+01
9.729970404897427E+00
7.474822586201277E+00
5.236244267054467E+00
3.403089560561489E+00
2.259715616513239E+00
1.943405549704575E+00
2.449319045728413E+00
3.662150372418404E+00
5.392228882671431E+00
7.404039500529759E+00
9.435825057968977E+00
1.121541041717060E+01
1.248033502646528E+01
1.300970531777656E+01
1.266991512744651E+01
1.146487584100103E+01
9.567137704980990E+00
7.302102257555872E+00
5.076165615281863E+00
3.274468505511059E+00
2.173991151963669E+00
1.903794045541328E+00
2.452072622017126E+00
3.698546094265299E+00
5.450372550472814E+00
7.470153155883814E+00
9.495148477863813E+00
1.125313329000368E+01
1.248298092094439E+01
1.296730244297902E+01
1.257875126499368E+01
1.132992421499537E+01
9.402617017714611E+00
7.128917141922125E+00
4.916784575513390E+00
3.147376356056454E+00
2.090177360963384E+00
1.866062132412800E+00
2.456341354029120E+00
3.735878876689325E+00
5.508736728363404E+00
7.535695610617016E+00
9.553082627485871E+00
1.128867715219789E+01
1.248279572502077E+01
1.292167769777059E+01
1.248439486636704E+01
1.119232216696117E+01
9.236442902265244E+00
6.955324750532050E+00
4.758147712957602E+00
3.021839449215084E+00
2.008276173401629E+00
1.830173973977205E+00
2.462076574486523E+00
3.774081761531362E+00
5.567257054918297E+00
7.600599984361948E+00
9.609558891330689E+00
1.132198069372977E+01
1.247972071205183E+01
1.287280302428811E+01
1.238684782653189E+01
1.105210950900561E+01
9.068682430539795E+00
6.781378702629075E+00
4.600295683062070E+00
4.117436519643014E+00