-2.861000299246477E+07
-3.113778902611655E+07
-3.365579355851030E+07
-3.616329898606410E+07
-3.865960767135646E+07
-4.114404237136355E+07
-4.361594434426636E+07
-4.607466853860380E+07
-4.851957627989084E+07
-5.095002708740813E+07
-5.336537184234554E+07
-5.576494897044178E+07
-5.814808397933403E+07
-6.051409151419637E+07
-6.286227864749908E+07
-6.519194832785859E+07
-6.750240238547288E+07
-6.979294391304857E+07
-7.206287909765741E+07
-7.431151868676136E+07
-7.653817928451550E+07
-7.874218463761075E+07
-8.092286701149933E+07
-8.307956869515008E+07
-8.521164361875153E+07
-8.731845903500678E+07
-8.939939720685159E+07
-9.145385705914859E+07
-9.348125577388522E+07
-9.548103031227705E+07
-9.745263880354649E+07
-9.939556162633811E+07
-1.013093018275918E+08
-1.031933843328625E+08
-1.050473533395246E+08
-1.068707675401245E+08
-1.086631934965821E+08
-1.104241983732049E+08
-1.121533438007288E+08
-1.138501823924440E+08
-1.155142574308509E+08
-1.171451051232861E+08
-1.187422582194063E+08
-1.203052498350594E+08
-1.218336167563022E+08
-1.233269019620156E+08
-1.247846564231882E+08
-1.262064403911885E+08
-1.275918244262722E+08
-1.289403903939593E+08
-1.302517326027038E+08
-1.315254591851877E+08
-1.327611937438609E+08
-1.339585771973735E+08
-1.351172696925973E+08
-1.362369524034519E+08
-1.373173290316283E+08
-1.383581268476911E+08
-1.393590971392612E+08
-1.403200149369462E+08
-1.412406778568576E+08
-1.421209038575774E+08
-1.429605277308107E+08
-1.437593963204101E+08
-1.445173628366624E+08
-1.452342811043782E+08
-1.459100008951942E+08
-1.465443653710472E+08
-1.471372110667947E+08
-1.476883700599000E+08
-1.481976734300368E+08
-1.486649550167287E+08
-1.490900547495391E+08
-1.494728212156619E+08
-1.498131134548038E+08
-1.501108021626788E+08
-1.503657705598128E+08
-1.505779151854468E+08
-1.507471468405972E+08
-1.508733918431098E+08
-1.509565936697426E+08
-1.509967149427270E+08
-1.509937395795450E+08
-1.509476747946311E+08
-1.508585525669901E+08
-1.507264302091686E+08
-1.505513897954493E+08
-1.503335363868211E+08
-1.500729951580314E+08
-1.497699076397718E+08
-1.494244273417671E+08
-1.490367150684608E+08
-1.486069343222201E+08
-1.481352472986412E+08
-1.476218120341924E+08
-1.470667811651423E+08
-1.464703024621672E+08
-1.458325209062672E+08
-1.451535817424854E+08
-1.444336338287728E+08
-1.436728327051137E+08
-1.428713430492069E+08
-1.420293404387284E+08
-1.411470125284878E+08
-1.402245598547153E+08
-1.392621965153586E+08
-1.382601509685635E+08
-1.372186671536809E+08
-1.361380060657847E+08
-1.350184477906220E+08
-1.338602938228554E+08
-1.326638692682932E+08
-1.314295243442609E+08
-1.301576345548145E+08
-1.288485991166749E+08
-1.275028376208902E+08
-1.261207853690603E+08
-1.247028881130256E+08
-1.232495969482943E+08
-1.217613639233736E+08
-1.202386386794547E+08
-1.186818662475461E+08
-1.170914860308432E+08
-1.154679319441751E+08
-1.138116336125521E+08
-1.121230184269388E+08
-1.104025141464418E+08
-1.086505516748616E+08
-1.068675676621181E+08
-1.050540066828707E+08
-1.032103228874381E+08
-1.013369811583536E+08
-9.943445790960810E+07
-9.750324172662434E+07
-9.554383406841850E+07
-9.355675024447054E+07
-9.154252083189999E+07
-8.950169359362639E+07
-8.743483576921231E+07
-8.534253633338861E+07
-8.322540751692012E+07
-8.108408472272718E+07
-7.891922415329565E+07
-7.673149807160640E+07
-7.452158842902681E+07
-7.229018016491453E+07
-7.003795548273790E+07
-6.776558989816456E+07
-6.547375020053333E+07
-6.316309401033863E+07
-6.083427045945723E+07
-5.848792157988244E+07
-5.612468411870599E+07
-5.374519160317846E+07
-5.135007652728817E+07
-4.893997253500862E+07
-4.651551646859206E+07
-4.407735016190504E+07
-4.162612190038832E+07
-3.916248753432669E+07
-3.668711130436837E+07
-3.420066650136439E+07
-3.170383612587269E+07
-2.919731372936163E+07
-2.668180459990062E+07
-2.415802738072699E+07
-2.162671605073059E+07
-1.908862192834225E+07
-1.654451501404131E+07
-1.399518370740575E+07
-1.144143199226617E+07
-8.884073810560700E+06
-6.323925426036526E+06
-3.761797521177415E+06
-1.198488909283339E+06
1.365217022973933E+06
3.928553132103961E+06
6.490767356067292E+06
9.051120530423917E+06
1.160888392398231E+07
1.416333689945809E+07
1.671376483368975E+07
1.925945728286374E+07
2.179970633229590E+07
2.433380508552223E+07
2.686104628369297E+07
2.938072107448238E+07
3.189211795418088E+07
3.439452188478269E+07
3.688721354775616E+07
3.936946865181279E+07
4.184055717923608E+07
4.429974245074298E+07
4.674627993206641E+07
4.917941582147191E+07
5.159838566984617E+07
5.400241358673230E+07
5.639071288215050E+07
5.876248905660618E+07
6.111694559120716E+07
6.345329194135319E+07
6.577075196917988E+07
6.806857059763017E+07
7.034601717782168E+07
7.260238545484728E+07
7.483699115146899E+07
7.704916853103684E+07
7.923826699517623E+07
8.140364825048283E+07
8.354468415400143E+07
8.566075511400820E+07
8.775124884687382E+07
8.981555930807483E+07
9.185308567421585E+07
9.386323132055017E+07
9.584540279480216E+07
9.779900882084739E+07
9.972345937003733E+07
1.016181648175869E+08
1.034825351695881E+08
1.053159793230386E+08
1.071179043304709E+08
1.088877147057789E+08
1.106248119456400E+08
1.123285946464756E+08
1.139984598116348E+08
1.156338060205552E+08
1.172340388550380E+08
1.187985782195458E+08
1.203268661765047E+08
1.218183732851018E+08
1.232726017846907E+08
1.246890852018933E+08
1.260673852675109E+08
1.274070876377557E+08
1.287077977201218E+08
1.299691373177068E+08
1.311907422548170E+08
1.323722608168893E+08
1.335133527161670E+08
1.346136883002663E+08
1.356729477846060E+08
1.366908203730578E+08
1.376670032166211E+08
1.386012002376067E+08
1.394931209068222E+08
1.403424790934410E+08
1.411489921069198E+08
1.419123800246136E+08
1.426323653682519E+08
1.433086731853431E+08
1.439410316305088E+08
1.445291732282133E+08
1.450728370963371E+08
1.455717724355181E+08
1.460257434242969E+08
1.464345352243345E+08
1.467979601785884E+08
1.471158628073839E+08
1.473881222890312E+08
1.476146518743207E+08
1.477953957339344E+08
1.479303244544019E+08
1.480194304621331E+08
1.480627242261017E+08
1.480602315403203E+08
1.480119917827094E+08
1.479180568532945E+08
1.477784904583156E+08
1.475933674526690E+08
1.473627730315006E+08
1.470868016527956E+08
1.467655556730691E+08
1.463991437854902E+08
1.459876794518552E+08
1.455312795923398E+08
1.450300638124398E+08
1.444841543926196E+08
1.438936771604623E+08
1.432587632514014E+08
1.425795516869477E+08
1.418561926722187E+08
1.410888515046199E+08
1.402777129294065E+08
1.394229856257294E+08
1.385249062784323E+08
1.375837425069584E+08
1.365997939600530E+08
1.355733912430468E+08
1.345048929181554E+08
1.333946813268941E+08
1.322431581735997E+08
1.310507406380333E+08
1.298178584137182E+08
1.285449517036173E+08
1.272324699663917E+08
1.258808711086473E+08
1.244906208182983E+08
1.230621917845170E+08
1.215960626246563E+08
1.200927164344273E+08
1.185526390023251E+08
1.169763168849550E+08
1.153642357042340E+08
1.137168791433389E+08
1.120347291089135E+08
1.103182673439525E+08
1.085679784539182E+08
1.067843539730152E+08
1.049678968924366E+08
1.031191260627438E+08
1.012385800165457E+08
9.932681992135283E+07
9.738443148004831E+07
9.541202564143330E+07
9.341023802481978E+07
9.137972706745239E+07
8.932117108599170E+07
8.723526464370979E+07
8.512271473625943E+07
8.298423728550330E+07
8.082055427421576E+07
7.863239163777477E+07
7.642047783433819E+07
7.418554288993511E+07
7.192831766450751E+07
6.964953309043208E+07
6.734991917683963E+07
6.503020364475223E+07
6.269111016903549E+07
6.033335636904857E+07
5.795765191043518E+07
5.556469730684215E+07
5.315518412395273E+07
5.072979713648436E+07
4.828921850414308E+07
4.583413336306464E+07
4.336523571620575E+07
4.088323344590088E+07
3.838885166851805E+07
3.588283422803988E+07
3.336594357144044E+07
3.083895942971598E+07
2.830267669914771E+07
2.575790280824081E+07
2.320545476903634E+07
2.064615608329861E+07
1.808083368583305E+07
1.551031511704481E+07
1.293542609095755E+07
1.035698855555236E+07
7.775819247171649E+06
5.192728648281597E+06
2.608520190927167E+06
2.398951654381626E+04
-2.560076393421058E+06
-5.142900362613855E+06
-7.723716505157300E+06
-1.030177197360654E+07
-1.287632867448053E+07
-1.544666438429944E+07
-1.801207247421169E+07
-2.057185947430980E+07
-2.312534018175861E+07
-2.567183091217646E+07
-2.821064238692064E+07
-2.884406357806718E+07